20595
27058
20707
10255
5654
15237
17548
29741
15825
26513
3330
10575
10752
31230
11549
26937
21989
26200
22422
26440
11420
19822
5673
30647
18776
20202
5170
24223
7442
18563
7243
6893
20375
24377
13541
24730
19578
31177
264
18836
11402
9065
29125
22444
3434
24509
1530
3933
10961
4669
31270
30595
22599
21463
26575
22004
11401
32345
16935
10173
28984
16097
14177
21541
1816
29250
1832
29191
11848
8554
25598
26374
18336
4735
23420
15238
32411
5902
19313
28754
20541
3354
26177
18276
31970
31092
17497
18855
9205
14206
23513
12440
20830
2742
13993
15021
18265
21357
12074
444
26974
12047
14649
20230
21495
8376
7904
4549
15444
12475
31902
2989
14976
14898
22167
31150
6072
26930
3867
28833
23373
14550
2614
28070
23499
29312
18114
30525
24055
17576
2831
13633
17943
10731
6913
29434
7401
16882
2042
26711
20473
7328
31605
18659
12839
19421
15361
4532
28348
5484
4492
1971
9571
5735
17521
5025
22466
4121
29279
28197
32115
18626
17282
11011
276
21661
12012
17481
14980
25918
26570
7503
19271
12009
30752
14764
22712
9500
28321
11888
26701
11331
28866
2785
23496
11990
3872
4012
818
18698
27983
27845
13321
28530
24029
26427
29417
22533
18874
29571
22998
345
12634
11737
1093
29560
25221
18885
23944
7700
16907
27707
14943
27677
25971
30475
6989
28077
10308
9540
19136
4387
14973
28772
17059
461
18838
12932
292
25854
3111
28258
4279
24465
26489
24790
1170
4543
5239
5377
9650
23482
8050
6403
17525
4670
23739
1352
25789
19002
9954
18652
26884
11417
11761
22923
25886
5857
13385
24920
36
18674
5970
14370
24973
30746
29688
11809
12947
22223
20111
13707
29037
23905
13831
7836
21578
31545
24515
11491
27839
5443
31617
29678
10023
31155
27071
7310
24742
26803
25032
6075
6668
4635
21806
16853
16656
1302
28769
3274
15910
18454
15427
29601
123
8976
8709
5610
22413
6890
5904
7218
13163
15830
26437
7582
9688
11018
19379
31976
1283
4928
20517
16254
10047
9339
9033
3971
806
15068
30743
24505
4438
13379
23408
21378
13107
4252
31818
25603
16876
8326
22580
27338
9850
16053
2362
30694
23354
22644
16475
13653
7326
26657
31608
9670
6915
1803
29674
8147
30401
13473
14726
18319
6758
20188
26408
11477
25127
10137
23815
31372
13591
31214
3509
5191
588
27290
24668
20988
6513
28359
20781
8361
23324
9469
2682
26567
17152
28616
28006
29548
26679
3513
10720
21797
2950
17661
18778
21795
3826
24992
210
27919
8148
14294
20710
19450
10034
29395
2643
405
3857
18957
22894
18210
10571
8110
29333
6185
19720
18564
30730
31691
32100
24825
12056
29911
4312
3200
22613
16024
73
16570
625
30707
10984
26557
19395
4938
2407
26934
32433
10675
17254
24607
5226
30038
28197
16428
13170
4910
23182
20857
30396
21215
12411
29361
20529
32400
17350
14348
19349
22619
22601
15902
12841
10778
20419
6481
15040
5888
9326
22555
4345
20506
29475
11282
24313
17327
6412
5142
15282
19806
23556
12994
1908
26841
4455
10918
13420
8154
19063
21042
23155
22085
1353
2033
31106
996
32555
26015
25992
18146
22432
30964
7268
1802
18718
31271
15349
28754
20743
20402
15081
16888
8633
8838
18287
27589
29071
1207
17488
5253
19838
9566
16428
10894
24641
23273
3820
20263
12604
28108
31839
28538
19311
31082
20237
25331
28272
7134
12978
30837
247
26517
31881
8878
2355
3831
2112
13154
4354
23302
26657
24500
15147
3222
21277
6424
11694
32511
10413
12810
22153
22255
31212
30783
3770
31808
19959
15705
19228
9279
9381
21245
28808
11545
30294
17862
24759
6812
6342
12453
11647
11447
14612
22027
7760
17755
6726
377
15476
7568
501
4927
10450
3661
25404
14179
1000
3188
10984
9970
27430
10253
4747
7800
22
18310
26771
9121
22055
19554
30051
14054
22762
8462
20036
4448
20872
28655
23687
24776
28312
28871
16046
16111
20801
4033
1728
17980
10198
3651
24453
13336
6062
17371
29323
12653
3139
4541
18927
516
25222
2100
14049
2289
16694
31632
14105
24877
32750
1331
4717
15510
12508
23378
6129
31782
14168
8191
9403
8003
10381
31311
1897
32484
24843
22129
12643
5982
11336
21903
20838
5027
28380
24890
12383
26602
15044
16261
17994
18824
11832
32725
9370
7254
31002
16706
24577
2862
2510
17371
26922
21833
19908
11100
24418
22345
7993
5731
16292
19844
12977
4929
8878
850
12606
30409
16420
12698
2541
26304
27800
990
8359
21057
25566
2725
5163
21574
20968
1396
16840
14840
25428
23752
22124
2724
19935
4117
25953
23864
3466
6912
15306
2366
23894
30928
24038
19698
20638
21790
16024
969
7544
28170
30124
11688
2386
420
25654
7025
18797
10798
22479
24590
19020
259
7171
17288
13320
14405
25017
26901
29725
13139
17137
23987
16780
1435
14272
14655
3244
5302
18757
31554
12247
32704
16631
22771
27933
4412
1256
22463
22990
27220
19806
31357
12499
10004
19011
10388
13591
11981
9075
24265
6421
22588
24962
16850
21035
3010
30185
11282
31118
4818
22745
11648
16730
4075
4648
14075
17922
25051
4279
2801
24147
22575
9606
9705
32697
31482
24327
28000
25382
30076
21845
25795
17170
21717
5141
32521
19554
18016
24743
13228
6013
14527
1245
31925
25884
12466
13847
8586
7503
25523
4136
27546
28905
838
9697
25067
13295
12515
7337
9112
30695
26909
6534
15052
22395
31974
8019
4722
12998
9736
23024
12939
30074
19673
22424
19270
25979
11474
11011
3181
32250
12284
1294
23264
19613
27078
25107
537
14320
558
14354
17383
32503
19157
28377
30716
18554
32121
13354
27300
16408
7324
31717
3140
22075
26745
24629
22258
11800
21899
16721
16062
15093
12574
26091
16279
4632
27497
21146
32241
6450
16778
3209
14292
25101
30714
18918
8518
12643
5846
20674
6475
18067
25781
26795
27064
18993
25714
2355
7869
8469
5336
1241
21759
17854
16784
28379
9815
10605
26862
2853
12206
22618
6483
10987
19574
5510
6628
20084
23096
17440
16564
7859
885
10053
23839
15963
22223
28561
14972
10679
25976
18671
23769
23972
28712
29014
17921
28165
13636
14486
726
26650
1391
17275
28529
30060
6647
16688
21610
12940
3064
601
9523
21610
512
20997
20605
21187
7418
1130
26595
5432
8633
2423
4598
12282
24711
28325
8836
11116
26362
22686
5195
917
18069
3673
9674
9030
30615
1833
13157
23868
17392
17593
32708
17116
32567
11565
8936
14396
7363
19180
22617
19509
22541
28025
24236
10259
11591
8432
6724
31047
16888
13782
5043
27726
5264
8356
2636
1588
23830
27504
3971
2377
21461
1417
26689
15264
13407
1665
13575
26466
28263
14917
9316
16437
4802
11648
12019
25401
22023
872
20080
15868
30179
11161
2030
12466
11796
20231
5388
28544
21370
8583
24917
16455
10524
29337
10047
21235
21494
28641
16743
28448
11799
29896
9022
18746
14560
12985
17315
14986
19606
19638
21577
16983
25214
18653
25487
18902
798
20260
312
4661
3084
6820
8344
30923
22621
17263
25136
30708
17926
13331
2371
11506
18016
27138
14434
16869
13138
31226
5808
32717
8567
10938
18183
19804
1643
613
19853
32766
10046
4803
20816
31924
13797
28605
32379
20403
12331
442
28391
8771
31563
482
15057
4979
5833
31581
17156
32056
32608
32702
14299
3862
4980
22645
6113
24303
23100
20214
10006
17703
14815
25771
11575
14164
3958
9836
1990
2942
3140
32515
14957
30575
13396
8153
1929
19743
23431
8476
28251
13068
29442
2577
6574
31508
636
11337
29157
5972
14744
25725
2650
20922
15361
4837
12946
11066
30498
1742
27968
5181
12574
16911
31790
16162
32736
23242
3962
6152
28529
125
5546
30332
29781
11200
23485
22058
992
5491
20753
26369
3344
16049
3602
18734
28834
22343
9752
9281
15718
30307
27706
22951
28547
3234
8513
17580
11384
5141
29581
16908
17524
10858
7449
26753
2516
27985
27557
17559
17338
10284
8006
28172
27566
3720
3701
20395
5412
31119
9447
18238
25058
25214
31938
22882
14540
606
876
17475
4832
21109
3950
7079
3876
16293
6347
22006
11690
2505
9412
27977
1595
3650
14307
20989
22376
28582
2955
4645
31579
18728
30556
20647
1443
14188
19945
11882
16834
16252
2938
6922
22705
22770
32155
1902
28729
23438
32070
4605
6860
18412
30684
14521
3750
20935
5079
8117
20405
13143
18726
27109
30014
16557
17386
15779
22871
8172
21351
9359
11732
19580
28513
23031
2005
14822
22662
20705
2106
10435
20835
29720
29324
17850
27545
7735
19044
2509
6442
15410
9866
22637
32627
604
30233
3372
20901
16192
1575
32333
12883
492
26602
24270
18618
14765
16809
21707
1816
23462
12438
20785
2843
7775
2992
1800
8578
3405
20668
6771
9208
4038
10860
9892
26975
30537
1917
8189
13539
23196
24924
31509
8508
9601
15138
27001
11096
12917
8405
14011
16707
11474
4648
12501
29653
11397
615
29315
10732
27361
2090
13639
32226
8454
17232
23831
16444
21739
10075
30473
8425
16078
24430
20597
26617
7642
28673
30769
27552
25523
31968
24190
15718
346
17256
26236
26112
7737
25169
14412
17096
1836
3817
31006
17923
8096
20286
31262
21149
19138
3199
661
3848
22867
31840
6852
15358
13439
11417
5837
10099
2052
26848
592
729
10404
15525
3753
31698
8114
30786
14335
25533
15886
4372
24056
19592
12060
24271
29936
15606
29067
26544
4559
26962
18107
9568
26075
3413
26378
30745
13908
27535
32756
30657
14602
28167
7567
6013
10297
19178
25418
8955
14759
4217
11638
23370
4695
7743
24277
4846
29954
3215
729
1981
3773
8445
19784
16636
7374
8423
15322
32583
4760
19936
12031
10199
7200
31659
15513
32294
31560
27921
12764
7397
7938
28112
30064
14860
31541
27447
28573
16409
10830
31390
15236
31534
6932
23093
23990
24967
31814
27115
19007
11894
27822
11875
8647
20096
25561
28568
29244
28291
4189
19469
5174
29572
6309
5465
10750
26350
15519
6723
12224
1191
8413
19994
10787
6988
10529
14641
23926
2384
30716
16965
23234
5431
3919
13415
3751
12628
16132
12929
19320
26403
11029
1209
12792
5081
13381
22174
21967
12649
6836
18457
7270
5508
4540
21445
19906
3262
14629
13173
31392
13396
5128
23009
32550
12957
26276
14992
18173
12059
14970
14175
30738
744
30824
4795
21487
5436
8167
9453
20785
4307
10422
19586
31037
11885
11825
8372
17176
2080
7198
4203
5549
20819
11098
10631
27460
22157
21775
2097
20668
3427
25073
16994
20198
31181
5161
12322
9989
28383
4864
2418
17442
16761
12130
1519
3672
22732
30765
29074
16386
18858
20321
30041
12750
22050
22931
30858
19912
14124
13100
14114
15629
16525
31171
9112
22777
28019
12985
18148
18367
1600
27403
18144
15688
17148
27623
14851
17192
8376
5350
5046
13038
22415
4740
15620
30792
21002
18467
11274
29102
31267
17503
18883
9465
5236
3377
6239
9196
6969
26541
11865
3792
10464
3616
23997
21929
31082
8958
24285
11165
25720
9600
3803
32287
11108
16941
15643
21316
6058
6833
30147
29169
16273
21744
5946
27588
12344
20190
30545
5377
12947
29424
2074
1971
10591
9856
18910
6715
16414
30358
32439
23118
17757
27593
23435
1801
24825
5057
32228
4953
20259
13325
21460
1984
30468
21678
9784
26099
29453
29021
19945
32719
8005
32138
7434
11357
16141
4335
16902
16710
935
26710
6870
26269
28842
15505
24698
29578
32346
24884
19243
12540
8827
20274
24094
9745
21702
6770
18564
25411
20000
7013
14306
23261
8565
10885
2808
23725
2915
13177
25273
4452
27604
14220
25200
20033
15562
8717
12461
16243
9377
31884
20878
31649
11796
10641
29958
24355
1787
27289
4088
4182
4537
18622
21683
14331
17120
14157
19109
16709
20717
8772
12404
19451
22228
8382
19744
29781
4401
21297
18877
7054
16650
829
21363
13055
11209
13148
30528
4979
25904
25918
501
4179
24731
25120
11518
28949
17876
29989
25091
15595
8933
683
17260
4689
6173
21780
6921
6775
7378
18243
167
1304
2144
26292
15029
23366
3692
23097
29334
23002
6300
12633
30153
5857
7480
23210
30203
25383
20259
8074
13719
1362
2240
8270
3580
18284
4710
9560
25284
26001
6359
31632
11892
23580
28873
11424
29342
2441
14212
25880
17641
16545
6323
6753
29065
30196
32649
5655
23260
18471
8667
29283
29471
682
2179
30537
2026
9339
9865
3042
23575
7805
9852
16035
27599
104
23282
21809
8118
5089
9323
80
1687
21657
7864
26955
28436
15067
7588
6585
17396
29095
5259
27115
24301
14237
9782
11789
3685
4910
27132
10435
8178
28162
32578
28426
3722
16561
22746
23215
17121
23016
18221
29353
22972
23328
10605
24571
1966
18027
18632
32378
12219
11397
28496
1555
42
28862
19195
16124
13342
14884
16219
11471
23568
20519
25228
1792
12624
15217
32132
30033
22178
11595
14003
13914
4062
17045
23822
17353
26633
20413
13463
16722
29573
8712
30767
28218
8952
18617
9524
9017
11681
20404
18088
16734
6013
4212
14963
25317
13860
31110
21795
2639
20028
26154
27632
117
14294
25179
25266
15878
10953
2705
19502
30054
15568
3861
16847
7530
19569
9741
21049
7348
4001
12680
3792
12476
18037
15680
20123
20925
28968
32582
24572
19084
22856
7336
28980
19201
28623
3203
8759
1192
20696
11451
17528
11273
4673
1937
27458
30823
15733
25054
25364
18811
17791
5620
18107
10379
27845
2746
16888
2655
32517
21051
8150
18026
28811
28726
4748
17265
21818
22427
7124
3893
26207
28587
25466
7253
13283
5552
23315
18801
19328
32213
12056
28390
32145
19743
14292
21185
11642
15861
22035
987
22008
8508
30585
22781
861
24281
11073
24208
28462
23354
23534
26456
20039
9204
32213
17499
16151
6316
17506
11640
20229
25663
981
12454
572
24124
27306
16742
13734
21055
18619
4630
3846
3242
10011
754
6050
15166
30625
5996
17808
8643
10318
9457
23698
11676
29890
2288
23575
28944
27892
10539
26564
6736
7378
15548
26412
4557
18672
15867
20825
12067
19733
21569
4661
28250
5407
19716
20856
13234
4543
8867
956
27623
7865
9954
26576
2458
1366
23944
4642
6256
25012
31802
21655
4659
559
3580
19851
31823
26079
19090
17500
8312
14908
29661
29490
25868
30469
1602
3399
23065
16183
17572
29452
7752
8491
11793
5842
28325
13397
19899
16042
10691
29200
32707
6320
1384
29574
27985
4432
11688
9478
18311
9584
23761
23554
13988
21555
2467
27632
172
19179
15333
30218
16278
6276
4918
28580
9392
16363
6136
21929
1848
32625
24185
32709
27860
25215
14350
13762
23683
17033
17023
23839
23537
21194
22112
22562
19866
24651
1066
32597
24606
1013
20293
16693
13796
16496
14138
23507
6892
13381
23214
1839
11980
1144
30619
3322
30605
30637
6599
25794
6569
22276
31670
4847
6414
2975
6978
6865
4780
27760
11899
13695
21899
12348
20950
20783
30813
19073
777
32230
16936
31532
17543
3372
30916
10087
31035
6281
633
26515
32709
25087
14792
2542
1183
29839
29954
27069
5352
15934
26624
28405
7842
12386
30280
31191
11357
20075
25900
24440
24390
4758
14093
27100
29739
19915
23839
9571
7549
5392
1999
20817
14875
976
22976
31063
19349
15717
20094
28811
24277
31597
25380
2819
5664
9028
29318
16283
2614
28031
15083
17410
30168
29012
472
9552
17735
26358
19820
8787
7237
30461
29549
9244
16007
15013
14394
5821
21981
9063
20605
29173
5950
27152
23530
156
14207
32645
10116
32296
5119
24104
12323
25203
11320
14227
16150
31085
8692
9570
22796
12168
11462
6541
8636
17013
18545
7590
12476
10692
12052
27305
11713
31559
7280
14389
18867
10739
18154
25179
672
28080
32345
5883
31213
19149
28872
29297
1611
24962
18855
4453
5566
3491
1682
32491
32404
24161
25364
28649
23825
15023
24497
28386
25592
28063
26296
30443
20182
30560
20284
28629
5542
27045
1095
27221
32484
21595
15930
4366
15117
25669
3684
23651
31918
7161
153
18255
11948
20351
18721
11489
28250
29879
15918
18347
17392
21341
5239
5993
8135
22302
30254
29567
15558
4709
11714
23306
30125
24637
30864
17956
28267
25011
22898
26227
9208
4690
31573
18409
20616
9561
2971
30520
14583
27458
20295
19361
21460
8809
13547
27211
29357
26156
27548
27427
18236
14237
9556
24185
30650
32650
17223
27961
29405
4501
29251
8927
500
30750
9031
10472
17358
3144
20177
4230
22239
31378
11583
2511
11453
22822
25819
26795
17555
18122
6756
22968
27174
29777
29150
25256
12818
30682
13293
15245
19575
16171
20405
12877
5465
8670
9691
841
15397
22816
23438
26837
12289
19462
23699
29048
618
8622
24972
15415
23218
978
24539
12632
14829
4529
1056
2283
13614
28458
15310
22454
2030
15322
29548
17271
25395
22987
17818
1858
7870
25833
6287
26457
16007
20191
19065
3798
6321
14595
2349
28253
16279
28211
31842
2039
274
22265
13872
17576
12852
8359
27051
2667
2974
23870
16196
5046
18658
30804
31735
13709
30651
15553
13278
20570
20676
30964
27252
911
13157
23065
18166
32147
16579
29338
7003
302
2241
28934
25118
14969
28775
390
13371
13547
23548
8953
7963
13091
28027
12498
17801
24437
878
21346
26860
7241
204
4538
19605
23413
30046
2286
32640
20800
25720
1371
10863
3989
5687
2683
16876
2715
25357
30981
16199
2475
15206
21219
27249
11959
11695
25386
29910
4021
18396
19923
29508
32035
15629
16305
15940
7717
17998
11111
6101
10836
4299
8205
22081
21608
12378
1571
9301
24364
20677
13857
19048
10932
8119
24037
31260
29546
13647
5513
1294
23399
25802
9003
530
8256
19973
24985
17068
27538
20984
10050
2589
824
24614
3312
978
28105
18022
29496
4159
22723
30020
20247
5283
25003
17192
1371
15455
10021
9399
6963
23344
17927
3528
597
9716
24636
2253
26139
8719
12406
19251
1857
27607
31416
20271
13706
32338
21072
3400
31557
3429
29336
5918
24841
21452
4859
13948
13314
29318
16763
30274
2680
22197
8955
5092
26600
26626
29376
15803
18670
12913
11219
27398
27833
29866
21637
28718
2032
12040
15038
8159
2422
20140
12327
375
23298
29249
16632
31417
12645
28078
16720
28423
15487
27716
5591
2512
22382
10186
21769
21356
30944
23518
1952
6544
23754
25597
7017
7172
26554
8566
23813
5527
9815
18331
8654
30860
24545
25248
4075
16624
23531
9603
29198
7521
19780
17443
31318
23531
23450
356
20567
16391
7660
7180
26152
21571
8575
16423
30405
2685
17401
14747
6959
11935
28505
18876
27629
17825
25240
4306
32116
30394
21790
10114
141
26765
6052
11923
28841
777
30578
24766
2818
17539
13699
24626
3450
21758
4140
30264
4531
11786
6355
20780
16952
3878
11562
9808
23338
11964
25859
18428
29897
18878
27275
28446
7804
27489
16278
20219
23858
12385
20829
17082
25535
14351
8263
21690
1839
20403
32733
17184
2916
2478
32524
7886
2038
21399
28309
30858
26883
24892
16648
32767
20422
1112
21987
16382
21322
24336
12001
26550
970
24686
32014
10966
32445
25157
15198
9571
6912
13916
4502
11415
1971
4429
27602
21234
7150
23019
32574
21266
20413
2856
31977
10183
1238
5021
16064
15100
1462
29885
14494
10717
1380
32581
18796
31352
6515
1539
12056
31727
9424
909
15544
31073
468
17515
23017
22163
859
20371
17707
18166
26523
9073
24164
12854
721
31140
11000
9827
17187
28410
31518
5415
27403
21495
654
16609
3505
1874
7420
29279
17393
5293
5262
4545
10471
1276
20458
3841
3166
29844
15235
9165
27131
1000
31927
4576
8384
11823
19829
24051
8559
12901
5598
21659
7462
22305
25988
28127
21415
5374
27647
22556
14506
22253
157
29397
3637
18598
9554
16137
29726
28696
19831
24605
7507
23083
16377
5691
1072
9233
1425
6520
5600
11664
21357
22207
15275
1844
338
22246
11525
17364
7771
9178
21601
25850
2616
29730
4556
29052
16331
26283
4228
2881
31431
7908
10816
31044
25600
22024
12892
17231
6373
30650
2474
7900
8766
12830
28881
11504
27737
21584
30992
2821
4656
10152
10637
3448
18768
13695
19881
5716
834
1891
2038
12231
25644
10429
14881
30448
12256
9702
8068
7383
6686
14784
2414
7355
16942
23500
27420
5778
25884
12301
19028
29380
13096
4719
29411
16281
471
28816
13730
13309
12523
13411
30307
26061
9178
30469
7670
5120
18684
22850
9054
8329
8688
17022
27314
2540
4590
9201
13644
14127
5737
2227
23640
10626
8949
10585
5070
16084
31296
15934
697
29505
17121
25806
18208
4132
11660
22501
12473
17965
14066
20177
3035
3513
3395
13756
32100
21515
19978
10320
10956
21985
19132
9311
29338
27098
30732
2484
7474
17719
12113
3977
7637
9728
20620
19004
26010
8502
32247
32609
23483
829
10885
5210
18855
10905
21647
4471
22566
13606
67
12448
339
31846
19672
12148
8634
31273
20163
31167
1945
1558
9905
21967
12114
26896
12143
15653
26726
12769
17019
16242
2859
22186
13654
14924
495
1281
5938
1269
12379
24362
21380
3988
16131
27819
27110
1557
30100
25141
10078
19031
12820
18536
11771
22584
21446
10062
4289
8211
22238
16010
31179
14015
24260
20308
21584
21925
18599
23459
24065
11106
26319
10169
5108
2696
3509
10142
3010
9253
2500
21184
25164
31708
24898
23386
2908
969
12323
30632
28472
27631
21545
3221
13509
5883
19099
13007
28302
18189
25845
7360
13860
31490
19796
29085
10836
11770
11167
23714
16834
15915
32307
27350
3582
18782
27231
4828
16082
24943
30240
14805
21541
377
14402
2871
950
13314
792
22044
21573
32426
25512
24053
15123
31118
3024
14934
4608
26025
28992
9941
10008
6861
13331
626
3439
29491
8368
13981
9128
7055
19650
29029
15683
4794
6094
156
10046
6234
28809
25007
19860
25548
7153
7396
26187
27722
10557
31990
11318
15180
14452
18835
31604
10474
16215
6699
3555
13261
54
25739
27804
32593
16482
2939
28856
23767
11510
31167
1362
26184
9836
7908
10625
22566
11275
1981
13641
31567
1709
26982
21007
835
25935
12698
4923
17227
29839
31872
19569
10995
23940
12408
15158
2818
19897
12513
17041
18306
10737
19013
10180
19133
25327
31337
13165
15506
17067
3444
21797
6117
29462
17799
17551
8499
22600
31469
4994
28835
31417
16357
28388
29402
27134
9123
9177
4635
21084
16336
32457
28079
6675
5496
4883
30039
19989
20062
6960
5101
24912
30142
9713
5362
7764
18523
27966
14939
13722
11133
16527
603
10615
23763
11204
22162
13760
1537
18812
7272
32617
19776
13967
4488
10680
31626
11379
23286
26017
24198
18229
30795
8167
10354
23808
18774
18218
6849
4941
20659
6967
20440
3287
10036
30454
10143
20355
14616
5749
2366
28893
20164
15772
22682
8627
5882
12733
3372
23501
794
12282
25617
19248
26977
24581
2332
9015
12032
14976
16568
12521
6818
12243
24080
6528
9224
5216
22987
24071
19846
22150
31845
23624
4167
22003
23996
7363
19732
29198
13554
5297
29594
5202
19666
31112
25641
19628
20560
26832
16023
19256
31098
19830
7852
21451
17772
20925
22500
24341
4563
28991
27543
9573
15278
9722
22854
2543
23869
28668
16925
15578
9369
27356
13969
30099
15685
8069
29535
1427
12192
29364
1970
18175
9502
4405
24968
24844
4402
6837
6236
20802
32757
26580
12033
31477
5671
1670
19404
24535
14574
7798
5008
26448
19045
25961
30563
10164
15719
21508
5125
3521
2110
23636
16354
19943
3835
9003
29784
30185
10008
11088
17832
21680
1149
16461
11785
28281
187
1899
4675
4936
612
31067
1248
6976
11629
24430
25179
19770
12016
6586
9598
10739
6026
7041
22584
27314
29218
12474
5426
12880
9004
10890
27932
1381
12885
6102
30005
1793
23783
30691
28815
22973
14577
23133
14178
6101
21927
28752
21934
12280
25458
30299
20759
27037
31276
7516
3956
9849
30242
13842
27602
14023
25239
11392
4205
27281
4833
10934
11030
17489
9097
7383
1969
6821
32131
23961
28245
20310
19405
16268
5584
16504
6897
25909
9339
9626
20682
8222
7697
9646
20918
1432
32117
9357
15285
6793
18961
21488
26732
9133
16713
13104
21483
29748
7526
18092
26724
6345
21349
12423
8414
4007
20838
102
18066
19784
17809
15868
4226
31370
8958
252
21277
15001
12292
22968
31266
23778
10752
32514
7380
21270
1624
14112
14773
14856
25620
6574
1633
29399
10800
30210
10796
17319
16233
11592
25600
24227
14240
30513
15000
30760
5042
13153
12920
7437
27133
571
4997
15794
31286
12288
26098
5052
15065
953
26687
1309
21990
2385
13283
15645
29731
14537
19674
5529
12535
16235
13676
974
454
29648
2106
14716
12981
7426
4638
925
30353
18082
28505
18726
823
8863
30100
32616
3537
14860
6815
19647
4708
27905
27706
2625
22611
26284
19275
26364
19341
20333
12524
30793
983
22991
24623
24974
13496
21370
10003
22627
722
16089
7510
877
32536
16164
3289
3324
5526
26551
15551
19575
14050
26385
17595
4266
9160
16492
31676
8476
29983
26379
8416
26268
16729
26604
24862
13050
28106
3214
20414
30253
13790
4539
17979
24338
11076
10854
17041
16569
18146
20349
10878
22419
32156
12131
4256
9108
25577
951
5817
29143
25453
16416
13301
7725
18271
15387
16279
21789
4390
31108
31143
21466
15282
16127
30830
32565
5922
26406
12628
17211
25363
13802
11365
22556
6494
10062
4552
6827
30465
2085
18701
2616
267
4423
20211
21758
1334
20877
9989
26540
21457
25649
24745
32133
16107
29152
14171
29857
12004
8989
30644
19549
3795
20792
29626
14783
11968
31130
4773
17755
28755
28397
16365
8411
12688
7682
10669
21355
7808
5495
28869
17587
21671
19567
4297
3844
25049
28721
15411
17698
19392
21988
9049
18630
22234
9383
21786
13163
20919
25546
31202
27249
16508
5884
14258
2387
24565
26298
30942
18555
9811
8371
29719
11004
13301
22466
15767
13733
5407
21579
4160
3963
25336
9562
17980
18844
16821
23359
13770
27332
2694
28278
8961
17571
16564
6542
19021
8961
18320
23835
10577
9749
15944
4550
4742
9392
17115
23741
11417
11794
17577
16628
29031
19749
25797
747
15223
4330
2596
27865
13880
8833
25743
7805
15723
17068
13228
31567
9350
28190
4786
1557
1918
1884
26134
20352
28434
6973
21564
27097
16781
13767
9783
31902
27261
24302
195
1844
29649
9386
9200
289
15377
8924
13229
10970
26401
12376
25035
3771
13881
22967
11773
21952
17144
14889
3941
25570
7712
19739
26553
12485
5651
28888
6712
3462
25041
30800
30668
13012
14916
24318
2943
27271
29783
12571
5197
19964
32587
22118
22911
14125
8258
3494
11892
24634
3500
20306
18728
4900
22908
67
20832
12296
32004
8163
4261
22812
32244
24232
6178
31923
28867
19062
13777
20831
21038
28148
11944
16136
13027
25974
11948
24495
2963
5800
6213
29413
21209
24702
10018
13169
28258
6323
16299
8179
18809
25850
29498
8080
24658
10641
756
29745
16454
26920
25755
31918
11171
28215
31376
9068
16461
14291
32351
8837
2285
9129
12514
21121
14955
25034
5324
5576
14533
9825
12217
22507
12186
13841
17662
5073
8636
17275
19758
6339
24419
7082
15965
25289
3952
5444
22094
7463
28215
2668
25658
8055
25723
24844
27248
28839
2123
85
23019
2008
5373
192
16903
27791
16819
324
18499
19938
21912
5798
4601
30859
6480
3839
17363
24031
2003
19301
696
10485
9356
27199
22476
16694
22469
23489
24138
29127
26215
31168
20193
7348
4331
17844
27007
6712
22581
1967
3719
21581
15047
307
30591
18083
10451
22400
20843
25573
31838
32690
11136
32620
16992
17667
31420
29011
10264
22594
3435
28850
14919
16243
14635
24928
1883
6909
5042
13958
13859
27121
32422
29706
22425
6622
19333
11984
23991
11492
13997
8528
12152
29802
30464
15789
18930
13192
25950
11456
2186
18200
31232
15057
31907
26198
10466
4678
26304
28066
22872
10781
5902
10661
19063
1210
32729
14053
6178
31869
4145
4883
21144
7269
14472
30559
4065
5272
5811
28630
25159
13561
26074
29380
13856
9342
752
27956
6619
10235
31239
30110
5745
23213
12847
12592
30255
15425
26256
8095
6530
17372
15962
16655
17319
15969
24192
24647
28543
4966
6038
31286
956
26191
24019
120
23222
3367
12242
1100
11832
32761
14358
16217
7859
1039
31667
18989
24901
8946
26516
19319
9405
392
16913
1954
11225
26001
18335
16939
20324
25018
1494
9985
25721
22907
7120
2578
10433
6903
20076
21447
14366
28218
10823
21708
14873
31539
804
26404
30495
17834
12057
14810
20915
32529
20939
9543
28888
11870
10832
32349
12914
29002
21835
17119
23317
24266
16593
4446
27751
28564
27997
3538
30994
16820
7917
24273
9962
192
24609
13996
22859
32365
22520
3704
10236
12544
10423
17320
1694
1957
6801
19357
17360
18027
12750
21063
17773
12204
23657
11229
27684
13207
6735
18734
8291
18418
32142
9844
11888
27311
8984
15270
7001
5580
8841
1222
4640
2330
6718
6731
17738
8949
3858
30098
31564
18420
54
23653
30151
29523
27618
18383
28396
2110
15259
18159
8177
12884
12039
5545
3758
27253
24992
30519
26190
8534
11711
32523
14151
9486
20349
21824
3656
15836
30598
7664
3700
25753
385
19202
12656
26082
24576
16376
28742
15091
21723
5438
8082
15211
32000
16523
5727
24786
10258
28909
29322
16979
948
15923
14528
32704
10490
20577
20191
12494
10766
1669
2527
12401
26677
30522
8969
10552
20384
12587
3786
3454
19382
12595
5176
31176
26466
22325
27174
32724
30031
14875
18824
3137
11191
7966
4827
187
30067
24555
28114
6922
23009
18584
12243
18299
6748
5961
23808
19504
5753
5668
12661
31180
26489
19885
16614
30882
30630
17152
30114
1159
20867
10844
15332
1599
13296
21626
20643
5884
10396
16659
19671
29738
2227
22865
31084
19314
24280
21787
496
27306
20839
28405
6330
31546
20666
6860
22405
27795
15152
27471
9569
4278
22457
28426
12021
26383
18716
23247
26370
25682
27058
19670
12260
16536
22409
813
14309
7684
15735
884
13915
14605
14197
30428
408
15473
22675
18224
22132
26726
9664
28175
20527
24624
30518
8482
27500
10522
3873
30135
19516
9318
13600
1748
26484
28912
18751
20240
21326
19424
27757
28297
8244
21828
5798
10013
5843
121
12676
3774
2817
32270
23191
8231
31072
15740
20709
1328
6174
1539
18648
509
12020
5594
23706
2464
8163
2398
11050
740
18468
22941
22074
6420
32352
22631
31497
8731
11072
2071
12949
3463
19010
26433
27381
11225
22998
32407
28423
29816
32558
19516
10426
30192
25544
3083
16460
29944
30950
23073
16772
19325
11782
5543
3223
19583
12018
17778
23309
21575
7786
32051
11770
30782
26484
9659
20108
595
16803
13965
32643
3763
13834
19226
16141
28346
13799
28752
11045
17804
9377
18263
13178
8388
17504
32480
18151
3591
6281
1379
23451
18523
29364
11037
15328
32210
2812
11336
23498
17625
16624
24662
16589
28381
10985
20969
11839
15387
6239
3017
30842
8367
21162
20379
23484
20230
5435
22991
15004
5712
30247
2021
26361
6171
17027
10225
28144
16394
32129
24361
2724
13281
32214
11309
22106
28230
21560
24688
29181
11340
17452
20371
25727
24282
19263
8733
12090
8062
3511
1639
30615
4809
20791
556
8134
7706
19058
12485
28219
7509
16855
7011
421
9051
27211
29843
26190
6605
2021
2782
30284
11374
27164
27639
12125
16221
3556
29975
19083
3131
32601
16419
16747
2668
27916
27219
5134
17974
14594
15487
14213
14517
30973
27404
1647
827
21581
11772
13217
19962
1583
13569
26010
30257
11694
1173
29623
13167
18607
30214
2880
10068
4705
13328
12825
8859
12186
18904
3111
26341
562
11549
28092
27990
17522
17274
10649
3367
13100
13831
4185
18364
4682
18687
24419
28533
8217
30517
23753
9143
28875
11043
9062
14687
17180
27301
595
19048
9915
27263
16844
28340
404
15148
22393
647
32215
21783
2376
1628
10004
18537
27544
25865
13246
4089
14650
3813
3629
12587
13031
25545
21369
26356
11512
32511
22020
12996
3477
26483
13086
12298
6988
11507
17254
28694
24258
16709
9337
9121
12858
32571
4332
30865
32692
9405
11675
21387
22000
3728
13791
29095
9564
31206
2889
26025
28250
906
27867
8253
5792
265
3242
9899
13418
7520
18811
19089
9137
30734
30180
25659
29265
24553
27917
31108
30384
9937
28659
29090
31124
28659
30431
12003
21890
27337
19919
31088
22591
11629
31187
12927
17588
13819
636
6901
26615
7622
20882
1407
31549
31287
27022
1212
31023
9364
3446
22169
29304
15914
22583
10366
26946
30675
29349
28569
22940
8118
1344
22979
13406
9860
23805
7108
30283
25037
1736
25578
22515
17447
31552
12226
7673
19303
32188
29403
3535
4880
14324
8507
21970
31009
32004
10064
2887
7957
16345
19997
3736
21919
20521
17259
11934
5017
18225
31921
20086
24578
17543
11531
13880
20458
17206
19105
17988
12862
1395
17788
29551
1496
23256
19012
23662
17944
32306
2964
23173
2802
20466
14477
17616
15625
12857
28631
14703
10910
7024
30039
23111
31237
31182
24982
21909
17334
576
21715
32486
16928
19915
27224
19362
7230
11348
19285
29378
14513
1443
13557
29301
26801
25420
11659
7573
14236
224
31012
23006
8501
19433
23251
29384
18725
20223
28287
32479
28090
20175
6747
241
25434
26821
32256
26206
16440
20361
23949
29508
5963
30429
11553
27571
25824
18796
22086
11270
24899
31546
16045
20818
5394
1820
30515
24769
14875
20665
13288
27267
29242
28944
29940
21327
10459
17264
12175
28298
14984
28634
24630
229
29478
29753
28197
23479
1094
16980
9596
2349
6896
4559
25039
4938
252
12399
28922
27200
4937
20248
26101
24170
1753
11215
14760
31937
9001
3031
20841
1540
1289
6569
13152
8081
32026
26214
27223
9895
16488
5762
17004
26017
18499
12846
4021
21868
20632
26102
3291
4763
6717
15420
2090
7293
2651
26356
7483
13172
11691
17839
26216
24262
9221
23978
25802
12815
10663
10651
14541
11386
11442
5197
31602
1566
9467
25674
28690
13138
30942
18511
17805
17555
18366
5475
17236
17921
1231
29518
15176
10246
8780
11925
25959
1407
29838
15277
5949
12516
28066
19957
8865
31785
10091
4894
11365
9493
14827
10013
8294
7926
15156
29266
9018
26106
11802
27530
21735
9013
4746
20388
18193
15964
18199
29163
6967
24576
13442
31238
19007
8086
25427
4410
7430
2797
22088
11579
3576
21966
26467
11643
28298
23888
28372
12072
11127
18943
5601
8178
29475
6705
1819
15892
6820
10724
15821
31199
11187
10299
21608
2426
19417
8641
12010
2149
16145
31717
10139
15449
1344
25309
14088
31958
18446
13345
5517
5387
17660
6175
12192
21260
28201
22718
10544
9438
10111
9485
1504
15733
22900
3922
19
26185
32514
24030
7735
24375
11553
31602
14109
30594
6404
29889
18982
14976
18485
16237
19735
10640
20880
22943
29260
32574
24997
20621
29498
26015
19884
3699
22919
21323
29583
24934
8216
15399
23062
3306
29968
7901
27902
7050
4197
32418
26432
16952
7434
8382
17128
11631
23450
28745
28935
1656
22940
9308
16643
15256
144
28628
30018
18054
17541
12409
31546
20111
9781
1396
13502
16009
18768
12890
23252
10792
10574
22982
24553
22945
27074
225
14848
3807
30344
29355
23736
13410
15569
23372
29788
22371
22912
7494
1876
12407
4907
8439
18064
7170
24511
10553
28190
32761
15556
1293
14021
27693
1800
18246
18100
30441
15795
15558
286
23765
25763
19023
3779
18114
5553
15823
30742
1652
17696
29715
15854
22884
16679
29161
32058
10487
5298
20216
14986
27865
16734
13654
14040
15493
23329
24758
1878
13321
17486
30373
29743
21993
17492
28825
28803
23394
14140
29534
14998
27783
17973
29071
6474
21698
16895
32305
21861
27140
12899
7829
2029
1153
27314
19655
23959
29817
23121
32204
38
22932
6994
15340
9575
8969
18889
17070
27732
14922
25231
9757
21748
436
27515
28496
6007
16295
6199
24644
10856
17650
4875
19217
30660
32372
7283
27464
20090
18255
18296
18872
2289
10398
14731
26495
32150
16326
5069
3425
32335
9711
4373
14550
8491
18717
14270
22836
1478
8426
31119
14314
28860
21054
1038
27240
3465
8404
16813
23394
4426
8188
4197
5927
10668
23370
4833
8739
25158
26836
19937
11012
13970
21214
30644
32502
22770
32524
31009
30343
11039
1063
18544
25081
13488
13305
21697
26982
17066
13803
29271
12899
1657
11206
28898
16411
16080
1325
22517
15350
11672
24485
31304
13750
20485
8035
20072
9237
31743
18811
25917
2551
21719
3435
3684
805
5606
19282
5841
10535
29345
25470
27761
10766
4268
19897
23108
19960
4119
2685
8531
31214
2984
1052
1621
14243
23299
21299
30981
29761
26010
28623
2180
18451
30368
2497
4618
3497
22382
4956
11330
11403
4943
17309
1436
28374
10342
18640
31346
27673
28564
7080
23994
32081
21404
15767
9263
10808
23008
12993
14917
3133
8425
8449
24885
28884
29103
15514
9082
14934
31890
2274
23963
10434
28883
14858
2473
13891
9028
28975
24984
19368
3239
22389
60
2263
30216
15545
17753
5979
28315
14259
2616
26086
8196
8067
32680
8034
5142
22217
21276
26149
6993
4911
29931
10370
6320
30898
7017
8026
22927
22005
18776
24603
7034
5601
6709
10470
11197
14710
8568
25918
26498
8744
8618
15919
7566
30246
15518
17332
32178
23399
1663
12772
12441
12132
22751
17044
17209
31433
9344
25820
17708
28398
29625
13698
31470
24232
1822
30685
22288
28439
29546
27292
20849
676
6368
21898
32711
819
8166
18835
3212
24541
12729
4969
23457
16557
23722
8328
22383
21612
6519
29205
21047
20618
18584
7390
28295
5021
17086
25245
29079
2996
1721
3223
18414
31099
8162
21059
27463
14438
19523
25319
12638
13524
22145
20750
10128
31708
26264
4994
22515
11191
11849
29245
12500
26144
29848
11075
18377
2350
15510
16169
17921
6836
21600
7126
3647
29357
23493
31205
20687
30590
5881
20298
7431
19797
5980
22104
18604
9101
12885
29356
4155
19938
23698
11064
30522
14415
30198
5502
6410
856
11816
23758
3710
1803
31429
20473
1514
28551
7902
10967
7427
14584
19327
10588
27478
23410
22432
19776
11785
24589
4084
27935
16321
12057
14559
19652
24376
23044
21187
2708
6929
11937
19577
15085
21939
3896
11319
26094
9656
28525
24188
9665
24279
9246
18161
7269
23829
15840
21333
12678
25831
8405
10870
27186
31555
31817
21190
24566
9388
10496
29824
426
27920
26552
8047
21233
20325
11371
16484
7784
24208
27010
26680
23765
15456
18044
10322
18658
4035
20884
880
24969
29502
28199
43
9067
22540
9781
4633
18038
32222
6425
14702
6340
2603
8988
3319
16657
28834
12461
20332
25813
28032
8918
15474
28939
16324
2982
26337
21871
5142
24190
22971
13938
2213
8552
19183
9101
12387
14729
24290
29816
2924
3896
18705
2773
23854
32581
14240
10470
20509
19202
9526
12362
19236
22115
14844
2087
15840
20384
14221
17610
10935
899
7954
26339
26667
29208
16928
18409
14448
22165
886
30706
28187
21317
4892
7063
29395
31784
26377
11378
11415
9974
1144
578
24336
9352
24963
3782
32119
13955
1584
30316
24166
31894
1477
28425
26697
19773
4893
22758
8938
17266
3616
25156
2900
17334
29927
10364
26781
12437
2707
28067
28263
12611
24890
19981
28897
25493
30268
27659
22226
4978
23713
26233
12052
31528
8476
24915
11641
32259
31383
31601
24263
2066
22077
19731
22841
28015
7108
28956
30293
1305
26461
2749
6543
15072
18656
6421
20272
31967
13047
1023
6675
23584
17414
26256
3293
13673
10869
5922
16622
31316
21987
11606
9357
20184
27595
4965
25906
24103
27430
5121
2416
18859
13485
29045
14538
30002
19336
28694
23338
18099
5670
21026
26986
12072
11013
5745
22354
19953
11497
32333
5496
2262
19678
10604
6812
10854
12871
31598
30227
29070
19734
27712
4258
12702
4225
1339
26338
11720
11237
26738
19579
20816
28155
2577
32307
24526
321
3742
18079
29911
31755
27756
9869
2545
20424
1216
6051
32445
13914
27760
18178
32412
29786
31676
29897
20675
25583
29681
30046
146
5954
11559
29193
18562
29431
15970
12079
22088
18616
12272
23750
23222
31311
28990
19210
7694
19087
12385
16108
14312
3529
17159
4535
16356
5011
14374
28485
18579
11461
22868
8009
29701
1551
32482
22556
8156
22018
15120
8559
8566
30119
13757
4037
27815
30963
23274
15797
22812
21771
24125
8755
23030
21856
9456
3877
26236
5794
37
4576
17295
25323
28431
32488
25940
11455
25660
16201
1987
17041
31335
16372
12303
13322
13818
21341
6527
5252
5407
13025
2577
5644
28639
14382
26933
17794
566
26842
17785
8940
16625
16605
7355
15852
30954
832
27216
19487
7759
24090
2598
24527
18632
25583
528
2411
560
10288
7855
11128
23179
5741
27836
26204
17019
8562
21694
1745
9958
19971
13318
3273
28240
25909
8528
7856
21349
17712
3019
23805
27402
26038
11980
27916
14726
9612
7709
9968
23483
27427
21775
1657
29881
15920
23644
9504
28915
7307
7394
23049
12184
25448
27196
4498
6768
25276
13260
11600
29556
24657
7785
15772
32705
29215
32477
29307
5876
28218
18837
2845
11948
10501
15334
2012
913
12707
22981
21964
22764
7698
15569
20811
16523
31574
2545
17952
24568
20911
22464
15824
21060
31148
12306
4360
21553
6074
13707
20082
18399
14413
20814
31436
4156
32676
2412
16331
20476
14937
13284
27097
23830
32745
20383
29155
164
8939
3975
352
23760
6228
19738
6771
7004
18217
29611
6684
22571
32038
23266
13358
28199
736
18359
18935
3687
4774
31432
1666
26531
7480
26181
30099
7140
17652
29085
9169
3293
12943
19023
15111
26642
3337
28058
10620
6553
9847
29559
18157
31895
10331
11179
27659
31388
15432
15709
17537
332
16320
31937
28876
29447
26963
31227
20765
26490
6103
21106
21996
5897
28847
4078
29145
931
22340
19237
28118
11732
16956
3507
3434
20043
23289
17044
10433
19639
14317
25979
9740
24444
30746
4369
8849
7160
17931
14302
24404
14358
12839
20450
6501
20541
31767
20628
19704
26318
29403
16783
17125
25025
19139
31416
19557
11423
4498
7200
13518
19649
5881
20145
22895
16639
12071
20071
27824
6295
3636
11663
3773
21552
20698
8235
9566
17148
22628
16113
19654
4161
14935
15923
3601
14286
16009
15177
15392
31728
27903
32213
20180
32229
18271
20928
16457
8964
23879
30090
25644
3312
571
12134
30001
30792
22638
21074
11482
20228
15611
9004
22081
25129
12831
16680
18027
20896
30822
11320
12906
2401
19046
7113
17720
1830
3000
6439
26972
19501
15844
18731
24907
10957
32731
13494
13565
23324
12206
32265
12660
22817
3212
26414
293
11053
7791
9976
25653
26902
14159
18389
8558
19888
30805
5542
1549
21491
8651
18258
24290
28014
1189
32490
18142
12937
17684
16576
13433
8594
13379
15857
12803
27711
23526
3504
10130
7840
13226
4166
28419
22886
24753
15287
30355
15775
4559
27460
24113
5450
18907
22040
19196
6711
13828
22129
9956
30461
3715
30551
9857
29461
30560
20155
23271
3265
4074
1687
22749
10744
6228
26217
32201
18343
16938
4484
10879
2715
25537
13648
22443
16599
32749
18870
29620
19886
29566
28306
16867
8926
23922
29891
15861
11694
9666
29800
907
7393
1372
4597
7758
14010
32326
22326
10655
11943
27043
32275
7844
18637
4438
25901
1536
2696
32529
16060
21406
24076
2780
29527
2285
10592
26377
12220
1815
6588
10638
18341
12017
22473
26077
18554
21046
2612
25326
5028
6656
14235
17076
18997
2628
31903
17221
28951
8546
17965
26310
29080
15360
11723
2469
20518
4090
1720
20204
7447
21006
6738
797
30460
13798
11885
31628
20503
13380
30257
7783
2770
30241
32352
28425
26033
21544
20326
28619
11144
32267
5593
4927
11541
26378
28702
32409
31297
25186
16714
28627
7973
14129
31006
11623
24845
21729
9707
5003
13556
11552
11491
27611
3194
15602
23170
4687
2526
31340
1098
5940
30844
14649
29649
21113
12199
2772
2659
6073
6171
20907
19999
30245
10992
9227
26702
29990
10070
13665
6007
14568
4936
32592
28312
26821
7854
22739
3373
8105
4290
18616
27014
5719
22303
15020
306
14912
19483
3957
23981
10247
1760
24833
18565
16914
24288
31737
15106
13092
7067
25421
28807
12248
7494
6201
29327
6197
27874
6668
6044
6636
1781
28622
17372
20341
16908
16037
30747
24211
15737
5173
25119
5583
27393
10720
27323
15280
10566
18550
24037
8170
15732
6007
10846
366
4554
524
7695
8718
29110
1980
30779
32710
13729
498
17809
29524
16915
30826
12875
28282
7405
19124
30189
7686
11497
6923
8190
29391
6230
15768
19165
4436
12427
11035
4293
10773
22832
29603
2390
10121
9400
21593
22287
10470
5912
10603
15734
18123
30904
9800
20526
13275
8280
31711
3678
27462
31302
4860
5014
24219
10476
23033
3746
27355
23651
29061
29084
18395
6378
11063
13623
16197
26138
16389
14188
8933
8569
18901
16972
19571
10576
21106
30238
22051
9168
22316
16242
5167
21256
20322
25077
14844
29187
20638
16386
23748
29957
18175
12729
372
1066
1163
28802
30611
1921
14151
7463
5980
6778
24182
17960
88
6324
29717
5739
2912
29659
24554
31859
2614
27782
4316
3452
31042
5463
2029
24652
13113
8043
26940
1250
13952
18191
14286
17408
24206
25741
32356
1025
31703
4920
27290
24933
17008
24218
21333
32203
14418
10121
18227
26052
11420
22318
14104
7926
20144
1312
9421
20462
20231
5191
19235
27396
3321
17355
29609
3172
5553
8139
30622
11775
30260
21877
8114
6377
1416
16066
21119
7022
30401
2104
21048
2829
5348
3604
25661
31342
1693
15017
21629
2534
23783
30170
19483
10193
15328
4028
16633
19383
7080
17929
12236
3229
10579
13207
12550
6261
19782
14871
15663
6553
3260
2979
10492
20559
4039
30688
13403
31454
12589
753
16951
24962
16096
30174
20061
16049
283
6870
27390
27258
7341
16824
20586
1891
12826
29653
19244
26608
29697
3416
14645
25460
29079
29035
12105
8491
4058
19792
17730
4748
24546
774
10470
9655
12474
1673
15370
24461
14625
11032
25998
30878
22280
3017
24867
18232
26130
17449
25324
2860
2403
27282
17398
25052
23205
5886
4682
22699
30047
27107
24556
4596
25535
12653
2537
9433
13642
3448
27271
31061
31719
3130
17089
10040
31705
5556
29256
28355
20186
24159
17136
20910
30379
797
5745
23188
12118
18984
16940
23815
4073
19321
32495
9169
31213
17746
3484
7267
10343
15056
14114
23192
13832
32657
13494
15341
24331
22773
19512
10887
6804
30443
20418
26733
665
12227
25632
1601
8763
23180
8675
21030
30296
15626
3882
18190
7984
16916
24915
9606
11916
32280
1122
25074
27553
13820
16040
5223
49
16758
27334
1489
24403
21066
14502
9846
12535
18008
28496
9337
3960
14990
31067
23448
2189
28901
19930
18403
5606
27729
29539
6725
12198
19572
4714
30512
8362
31180
18170
25693
5950
8175
1019
30322
29024
710
20316
24995
14008
7226
18083
6877
14466
25058
18794
26038
11909
22250
21559
5392
23733
2963
25538
4889
28116
328
14707
21179
6753
25648
5914
18201
21613
19215
30557
12943
698
9004
7798
29534
23225
14699
20042
30303
27452
21428
21622
9408
26756
27579
24798
19554
19637
2423
27176
27929
17441
28182
9707
7043
17489
22337
32609
30817
15725
20381
23533
19246
22600
31079
31192
27809
29271
20560
20004
9679
19528
12756
22199
14788
3005
25207
12182
16000
1
22228
14168
11734
28709
6507
30944
24026
20838
1765
10185
6326
31860
13574
21017
31051
11578
29042
8630
22995
24623
27829
2790
10402
12271
1760
4344
10905
12707
32514
26160
25852
26269
29510
4230
3460
22487
27714
4852
4538
27043
27411
16177
24845
12355
10715
8747
27331
21118
31277
8775
7679
27326
26619
12291
12120
16748
11590
1691
11135
19489
17063
1162
5073
4498
5406
29854
28626
17886
10146
13839
9488
22056
29369
28450
14568
7707
8534
5883
17472
25877
17955
13763
12471
30428
30306
18493
15350
8559
328
21703
28366
11916
9819
17627
17796
32429
11043
15047
28918
18824
14221
4642
32569
2907
4593
29350
30264
1091
1419
8511
24902
16724
7169
11252
22507
10142
10791
28698
20662
5708
28193
24624
32748
3652
19108
24335
2035
32398
22792
22673
18894
4678
24323
23826
21197
8413
18127
28365
5312
26444
14224
30351
20807
15764
30120
2604
21435
9432
26629
15207
7804
26365
3218
18170
30252
25950
5128
12183
32574
24940
14022
5106
31902
10895
16514
8373
30892
3244
8491
3712
5227
7520
13955
1510
21223
28060
16585
321
4927
4088
1763
15534
22902
22074
12345
9812
23174
17405
12656
19951
2494
7973
30423
19471
186
15411
20573
17204
8962
3935
15977
28439
26136
25393
11544
11464
32388
5504
14614
5271
21132
31568
21984
2275
1385
14624
27410
2681
14764
29208
13276
28125
29096
28656
652
20157
2818
21417
208
32532
32046
1281
11513
4722
7047
31547
28873
13715
1771
21380
459
17443
23584
26264
5581
1316
14199
4229
15146
556
18910
6224
19859
30876
22117
14950
7702
24629
22585
6630
26893
24505
9868
27935
13522
905
9143
26525
6153
13782
9690
10186
23891
32617
26961
19298
5757
28443
31853
23194
23350
28439
29706
29900
4391
7154
21008
9791
11603
20859
4265
26974
13216
28336
29846
23745
2487
1252
17077
1894
30620
12095
23272
14334
5365
7261
18851
953
8179
6510
3441
10268
30396
23036
26974
23469
28739
25140
510
21064
8043
13498
24512
28968
10675
16605
7320
32415
14718
816
31868
15503
32107
14620
24014
14233
18443
22884
16309
15581
29710
28307
32010
10346
23367
9345
10612
15038
6078
16818
3992
31842
2377
20914
2573
27575
25859
13708
11600
30375
24663
29012
31169
4059
926
6703
16693
5660
10996
3179
19113
20872
23240
5602
12914
257
31722
31048
3196
23836
3283
2541
17001
10326
14653
23644
16747
1170
17686
11140
5939
21466
16540
22446
6060
22043
13239
26236
4562
11687
23688
2944
13911
13948
2727
28943
12067
12707
30063
26975
7355
30835
25456
24744
17931
14910
16034
7300
12866
9255
4314
4018
28797
18416
26984
23039
29954
29493
15025
15328
31901
19096
27576
1432
18133
21676
2092
15541
10288
993
17037
15223
5122
17400
21981
21381
17050
12108
19859
5629
17916
19816
32269
9238
17800
31912
7995
27267
29790
19167
12303
13443
8010
25748
25060
18379
2484
16662
4754
14468
5887
22442
31052
3170
8722
31002
16444
23365
4113
23334
20981
23009
23849
27669
4447
9605
29272
31413
13802
8789
4200
20694
8166
13975
10663
8928
16706
22273
7219
31548
18307
29752
10420
29874
24225
8749
15278
15656
7169
8964
31955
1417
26024
32563
28107
12946
11486
12767
24074
4012
27225
1274
18847
31148
5923
851
29022
30308
10125
16376
18808
26810
8793
16990
12341
6694
16882
31588
29862
22555
27069
6927
4203
7510
32068
14095
25801
25494
5939
7423
20546
16160
31535
28559
13695
22431
6101
25060
28659
29478
23050
19473
31097
12373
16887
30103
12205
11980
340
27084
25883
32215
25402
6627
12989
10398
14555
18797
20837
28320
22163
29443
23402
19502
4461
8019
5790
8243
12887
32127
12138
28928
17734
5107
28102
25845
20851
23109
2220
32015
1396
7890
1545
21675
24659
5378
27704
27701
3432
23136
26725
21309
20263
14368
18831
821
15287
31535
31124
6240
150
2080
1162
4042
15954
12687
19536
22350
17986
7777
2131
6465
4664
19707
10939
26046
9499
13045
10304
6024
27875
19675
25594
16530
25856
27123
4590
23714
17512
13210
18416
31596
9131
23601
8652
24396
7529
784
9366
10096
18374
14900
27706
4740
7180
25166
5196
15415
29778
16495
20375
24202
18774
22160
11122
2340
15038
14528
22392
10394
16173
24675
11253
6508
14220
19848
17998
24493
22820
1992
1194
16780
24420
13122
28174
1806
20462
16332
8450
11917
17022
29762
15538
20882
20894
4814
5820
5535
5008
30354
1090
13662
20738
29097
14650
6322
30963
15434
12187
27573
23916
1369
22441
17987
25316
6470
18235
4658
20261
12796
8855
6737
27456
27230
21558
25402
32191
7761
27938
1464
2504
20789
9401
286
3404
10530
8349
22656
25107
32014
13347
1817
1702
3702
31796
26511
4583
1263
8418
26683
6060
19154
16361
4952
32337
6585
30432
2792
10965
15478
27297
11432
20428
23993
14026
17185
20385
25298
1608
6370
16468
1901
10091
26605
3116
12001
24643
1512
27125
29925
6890
937
32473
3428
23701
25207
2843
9066
3965
541
21230
17086
21376
32185
234
722
20996
15330
1501
5915
1963
10562
12919
19751
16567
22693
22172
16381
32409
4701
7389
4985
9472
9400
22413
2455
7671
859
1562
8970
29743
19489
10826
29652
2548
10073
24019
19815
22986
28740
4645
24786
4441
31048
32378
1308
6690
13002
7742
31193
15767
3920
28559
13791
28825
25644
9828
4245
25897
9768
16045
192
31219
30970
5911
5030
9685
165
30619
26207
28254
5658
6594
17568
5581
23640
18249
3353
30658
2334
15211
9763
27540
19534
10053
10949
108
22541
24249
32022
25570
6199
25970
8196
8603
29861
15084
24107
5293
8978
3973
1333
28814
13814
27388
25333
21644
15396
32104
25332
12247
21699
2934
29981
23482
18341
9198
31260
30727
17780
32689
16361
23118
24620
1846
7366
14738
22099
30804
32491
30432
31086
21559
30720
22331
7353
28849
1274
20744
6509
29639
18950
27213
129
12849
13756
22547
20018
26222
22289
22584
109
2550
7068
24432
21207
23543
25464
3506
21642
26766
23913
18881
17171
20626
18774
19866
19739
13966
12283
10081
28655
14944
12118
25145
19031
12748
24087
25878
8754
15718
32719
31405
5520
15587
25381
18708
32477
2296
30788
22591
11568
21160
18364
12387
20418
29724
458
7944
18352
5910
25213
11197
6064
19545
10260
28774
18095
8945
13881
32304
4063
7775
4584
12400
17971
15946
32251
2207
7861
5166
1472
196
27430
14088
964
26359
6426
894
29940
24134
24156
3798
12450
30653
17290
22383
18620
17943
7994
18718
27324
31795
11665
17985
26282
15054
14801
28069
7168
22928
11845
18016
21273
14233
10888
32431
20701
608
5969
32214
6016
32695
22245
1198
16488
355
14394
4016
9911
19436
824
28599
26335
28500
29648
5064
28476
1938
7030
4731
30848
20742
30645
7643
6184
3443
8445
30632
26844
27570
2455
19243
13299
7426
30921
31580
22614
4083
10405
31768
14908
16293
7526
11494
28653
16093
13704
13408
10249
27935
5315
13886
21034
20621
1242
2286
23818
19769
6757
611
19850
23159
25943
14967
1290
23349
30109
16477
14926
24915
10825
14130
20369
17684
15568
10974
32039
14897
5764
21697
29927
3302
25977
1028
22695
18936
19738
31599
17719
16514
5842
21784
8994
12527
22959
1060
29463
1020
12798
7497
22637
28395
12512
30265
15021
29914
7525
23521
11835
21098
23359
8538
10869
32048
30855
9472
18018
24520
22300
8339
19782
24025
3735
26174
32502
26731
23764
856
7731
15061
2492
7113
16706
26998
22037
7708
23878
20039
13830
21682
4680
20446
8132
3934
30999
32083
30531
668
32458
8191
22581
14583
27915
4955
27366
14028
6318
26793
23297
10214
32234
13046
20355
22148
1497
30596
1971
12806
21487
8240
15841
2525
16871
13383
13690
32229
21430
25874
9601
15310
26961
27479
7573
22210
29861
32201
16733
19371
22644
15329
27439
30625
766
3059
6699
2056
18557
16008
31964
27001
5840
17276
4110
12882
14592
25612
31537
1609
23760
26769
4709
14945
22700
9162
12045
6907
25455
15849
13832
26071
4155
8411
7575
20775
2185
2797
30314
18332
29670
10878
27840
22615
28400
32561
32026
18932
18095
12374
7058
6049
24081
28443
27629
13500
21252
11759
25000
28627
11672
32614
10112
27574
15020
12070
31519
14912
30922
7611
24629
30907
19777
6993
30954
19596
2559
343
6150
14660
19463
27204
15790
3971
5762
18322
25122
20326
12945
444
29446
12843
15805
153
17437
726
24619
12933
29119
26877
30592
8685
31554
23914
1529
8535
2142
1061
8025
7834
9112
30572
26693
8665
25098
15989
3091
23276
31717
449
18979
168
19478
29013
1322
2497
28235
10233
21716
22280
2610
275
13460
30136
1012
9326
14007
23430
25860
5679
4808
12923
14340
9075
27824
9266
23369
17444
21615
22958
27391
5542
19069
26660
7811
19539
32756
6507
29640
23987
20554
11773
21517
18568
23048
23210
24244
3261
28239
4412
31904
28443
27708
26021
20296
5389
10567
3083
26178
13329
27938
25960
6341
27170
2236
2252
11678
27860
26034
10045
10229
24051
3697
14327
29293
21446
31487
7030
27105
19114
6346
12672
21113
18152
11132
6288
12196
25607
3888
19987
23948
5362
12225
21794
19924
22116
29650
4417
27704
28513
22443
23203
11814
30282
2036
14050
17670
11691
20936
16825
30851
28105
16202
12336
19529
21412
28411
21776
9358
28185
18286
17248
24819
257
30336
27991
9672
8677
31474
12589
6411
12205
5597
25289
9793
2320
11176
14521
5494
3141
8886
2248
14416
10603
15560
3519
4309
13663
11295
16806
8596
11132
6249
8091
5696
30972
3164
7539
31647
16606
24011
19662
32739
14226
32673
18217
22627
20997
729
5987
8570
27370
18134
15172
7974
9245
1636
10531
25791
14577
23874
10283
12267
8216
16687
770
7851
11083
24008
872
12423
949
1877
31621
22865
22841
22998
2448
23998
26562
1545
17298
26120
8130
2086
3503
4205
26070
20691
3229
7036
6832
22789
30786
13904
17454
18240
22410
20304
10111
7831
29171
11043
10578
27412
4972
14924
22038
20647
11019
30227
5105
29487
16699
6981
22564
11171
30847
6321
18526
17890
9562
19769
5986
20187
8395
146
9614
8698
20422
1481
31256
26738
21242
12934
14697
16628
30013
8549
2
6362
14100
17264
6982
7319
14730
6837
7048
2735
8065
29408
3548
6075
3812
11031
8015
32324
20065
23273
32411
8599
27550
26971
25941
22369
12244
9139
30049
14085
25050
15836
15187
28348
9106
19077
31553
29183
12490
14987
15413
30614
15411
22673
9613
21584
20646
23599
8775
29650
31506
2381
24441
11023
3618
23866
5510
9235
2921
22930
2843
22373
20212
12343
106
26652
14566
4172
9741
23348
28021
12800
18395
31861
221
14633
17606
17835
31604
4281
3943
27758
20483
4635
18848
24644
20425
11307
17660
9225
461
18813
16513
31443
27568
28959
13250
17046
7140
7777
5132
14827
7727
23765
25429
1810
26411
15500
14450
31460
19398
26569
24168
2205
13012
12432
30480
26473
8663
19365
32207
18957
15838
22548
3571
28346
13203
6017
10168
20986
4427
22813
2309
18821
27830
25065
9670
32307
925
22823
15428
17761
4750
14623
13428
21024
27800
9377
30651
6667
507
5575
25554
5193
18112
2391
25418
3975
8180
25708
9402
14385
12904
23722
17885
18687
1556
8348
32608
12300
26014
4577
29013
4226
24302
3013
17204
8247
12869
28178
4958
14502
10378
6288
22119
3605
8001
7937
918
29934
18885
20312
8693
28763
32235
28628
23779
16373
5539
11085
26259
25384
26118
20374
16026
9168
24058
1044
32265
8488
23201
5080
887
13721
2959
28472
27995
10146
9904
7760
5775
9370
5022
5660
15620
3865
13568
15558
3304
21691
24565
31958
23599
8667
25903
11890
29435
16922
19415
13065
9306
17791
21152
13166
2107
29894
6457
7091
14165
25941
19262
25997
3946
12146
31286
2422
17621
571
6198
15514
14893
7653
24426
17696
25221
4998
31440
6776
20031
16372
26742
12408
8787
972
19430
7188
30082
16963
16521
6106
6274
4551
21752
1854
2219
17338
8733
23062
31416
30319
30712
27780
3165
12824
18514
8705
4457
10961
2984
28920
11873
26770
29721
15339
20822
29020
22578
17012
2795
27472
28832
10763
15333
14905
3681
15942
7649
9008
26073
12165
26781
17113
22092
10472
11392
12958
15740
15347
32112
24509
1594
146
7728
26379
4787
22069
14773
12163
20811
11296
7322
27564
8459
31243
8190
30025
7209
19069
29797
19766
14005
19137
19849
28514
10581
17598
18049
20455
23414
24991
18655
23909
6640
24368
21212
5273
31408
21638
24084
9290
9623
6979
30999
25313
19569
18058
17837
8534
19809
18391
5934
2775
26610
24257
20953
32586
2503
1031
31392
12999
13254
8833
17835
4553
20778
19182
32544
4518
20236
12710
11865
28095
12730
10953
4920
18202
10642
12374
3135
14603
16617
8942
22972
21306
4856
26276
19782
22298
2472
1354
17190
3134
26743
4377
13212
23561
32266
31034
23630
14462
26043
3855
21896
24553
18582
31911
29278
14367
4823
25342
17229
6518
17678
17855
6305
2566
15378
17168
22476
8777
3741
5915
6785
11936
17365
22409
2045
11279
5324
27376
14443
9981
14682
22916
8799
9081
26745
31727
16832
24898
21146
31937
2015
19940
22290
1358
28229
3124
25064
30642
29667
31504
2742
27582
16851
10742
2084
5623
14479
21966
23925
22423
1941
1558
19980
8648
2634
11465
21767
16655
341
8813
11730
27551
11464
15356
23635
21476
10122
27554
31324
15391
8030
23187
211
22101
939
32018
11134
31833
27895
20565
8464
18169
8368
9105
2868
12455
12039
10383
31774
19429
18789
6016
3971
29434
5796
31362
7124
6773
31756
10491
13702
6469
10388
15744
11871
2373
6261
23310
13559
19898
7398
32003
31763
21434
26408
7924
10183
13029
4233
15314
24092
4896
14301
16604
27783
13486
7831
20173
6625
5062
20907
15743
1750
2134
32199
17779
9421
19724
21530
8502
7077
30594
9173
32575
3092
1437
10460
12416
16251
11410
10525
21124
5943
20094
28336
28502
2359
14326
10996
7291
1796
9159
2667
5215
27610
15150
30197
27000
25150
31138
32130
8808
31188
22261
8165
30941
31683
28590
16013
18433
31301
2409
29977
21739
17752
16832
9910
5975
4351
5630
3043
1590
20085
31812
31965
16646
30252
21442
27974
19197
12564
8056
11284
5194
6905
32145
17614
22037
4009
18323
16908
10197
18344
3096
3259
32190
20578
28521
23876
12760
236
11698
5663
26976
14990
26901
4826
25217
914
28507
247
832
1528
2947
32392
4850
23500
25354
12333
28765
1025
2459
24328
11835
17400
26425
22158
4527
30857
10853
28136
21030
20146
15542
25265
3283
12515
18008
27149
6075
5587
23255
25855
9962
29307
4153
19166
22450
8231
27283
313
18460
15886
18104
30310
15889
25865
24983
2726
15737
22882
24121
8856
14469
23010
10861
31437
23180
19722
20710
20441
27240
2203
7277
22627
20117
14845
6214
23450
27700
28394
31420
22963
8440
8166
24863
20665
24275
1393
25559
29937
6387
2666
24824
25238
3567
1374
2287
6246
4523
3630
8176
26017
18719
16860
30910
3489
26525
3325
18311
31753
13104
10042
28691
30168
23301
17574
6730
30938
17867
5401
17613
7364
10464
11675
10071
18562
948
15853
17484
23520
3560
5981
27536
17632
32718
19759
29686
22360
440
2553
27378
23822
456
5254
457
14186
11258
13457
21922
5269
26165
22208
32038
29237
12996
29036
4896
18945
8567
19446
6209
1813
10146
1279
11728
21563
31612
4114
4502
8918
17687
10399
28945
5208
21317
23696
8063
22887
12701
22755
14990
28282
15672
23075
28143
26921
3367
11818
24023
3313
10150
