1
2
19
22
36
37
38
42
43
49
54
54
60
67
67
73
80
85
88
102
104
106
108
109
117
120
121
123
125
129
141
144
146
146
146
150
153
153
156
156
157
164
165
167
168
172
186
187
187
192
192
192
195
196
204
208
210
211
221
224
225
229
234
236
241
247
247
252
252
257
257
259
264
265
267
274
275
276
283
286
286
289
292
293
302
306
307
312
313
321
321
324
328
328
332
338
339
340
341
343
345
346
352
355
356
366
372
375
377
377
385
390
392
404
405
408
420
421
426
436
440
442
444
444
449
454
456
457
458
459
461
461
468
471
472
482
492
495
496
498
500
501
501
507
509
510
512
516
524
528
530
537
541
556
556
558
559
560
562
566
571
571
571
572
576
578
588
592
595
595
597
601
603
604
606
608
611
612
613
615
618
625
626
633
636
636
647
652
654
661
665
668
672
676
682
683
696
697
698
710
721
722
722
726
726
729
729
729
736
740
744
747
752
753
754
756
766
770
774
777
777
784
792
794
797
797
798
804
805
806
813
816
818
819
821
823
824
824
827
829
829
832
832
834
835
838
841
850
851
856
856
859
859
861
872
872
876
877
878
880
884
885
886
887
894
899
905
906
907
909
911
913
914
917
918
925
925
926
931
935
937
939
948
948
949
950
951
953
953
956
956
964
969
969
970
972
974
976
978
978
981
983
987
990
992
993
996
1000
1000
1012
1013
1019
1020
1023
1025
1025
1028
1031
1038
1039
1044
1052
1056
1060
1061
1063
1066
1066
1072
1090
1091
1093
1094
1095
1098
1100
1112
1122
1130
1144
1144
1149
1153
1159
1162
1162
1163
1170
1170
1173
1183
1189
1191
1192
1194
1198
1207
1209
1210
1212
1216
1222
1231
1238
1241
1242
1245
1248
1250
1252
1256
1263
1269
1274
1274
1276
1279
1281
1281
1283
1289
1290
1293
1294
1294
1302
1304
1305
1308
1309
1312
1316
1322
1325
1328
1331
1333
1334
1339
1344
1344
1352
1353
1354
1358
1362
1362
1366
1369
1371
1371
1372
1374
1379
1380
1381
1384
1385
1391
1393
1395
1396
1396
1396
1407
1407
1416
1417
1417
1419
1425
1427
1432
1432
1435
1436
1437
1443
1443
1462
1464
1472
1477
1478
1481
1489
1494
1496
1497
1501
1504
1510
1512
1514
1519
1528
1529
1530
1536
1537
1539
1539
1540
1545
1545
1549
1551
1555
1556
1557
1557
1558
1558
1562
1566
1571
1575
1583
1584
1588
1590
1594
1595
1599
1600
1601
1602
1608
1609
1611
1621
1624
1628
1633
1636
1639
1643
1647
1652
1656
1657
1657
1663
1665
1666
1669
1670
1673
1682
1687
1687
1691
1693
1694
1702
1709
1720
1721
1728
1736
1742
1745
1748
1750
1753
1760
1760
1763
1765
1771
1781
1787
1792
1793
1796
1800
1800
1801
1802
1803
1803
1806
1810
1813
1815
1816
1816
1817
1819
1820
1822
1830
1832
1833
1836
1839
1839
1844
1844
1846
1848
1854
1857
1858
1874
1876
1877
1878
1883
1884
1891
1891
1894
1897
1899
1901
1902
1908
1917
1918
1921
1929
1937
1938
1941
1945
1952
1954
1957
1963
1966
1967
1969
1970
1971
1971
1971
1971
1980
1981
1981
1984
1987
1990
1992
1999
2003
2005
2008
2012
2015
2021
2021
2026
2029
2029
2030
2030
2032
2033
2035
2036
2038
2038
2039
2042
2045
2052
2056
2066
2071
2074
2080
2080
2084
2085
2086
2087
2090
2090
2092
2097
2100
2104
2106
2106
2107
2110
2110
2112
2123
2131
2134
2142
2144
2149
2179
2180
2185
2186
2189
2203
2205
2207
2213
2219
2220
2227
2227
2236
2240
2241
2248
2252
2253
2262
2263
2274
2275
2283
2285
2285
2286
2286
2287
2288
2289
2289
2296
2309
2320
2330
2332
2334
2340
2349
2349
2350
2355
2355
2359
2362
2366
2366
2371
2373
2376
2377
2377
2381
2384
2385
2386
2387
2390
2391
2398
2401
2403
2407
2409
2411
2412
2414
2416
2418
2422
2422
2423
2423
2426
2441
2448
2455
2455
2458
2459
2464
2467
2469
2472
2473
2474
2475
2478
2484
2484
2487
2492
2494
2497
2497
2500
2503
2504
2505
2509
2510
2511
2512
2516
2525
2526
2527
2534
2537
2540
2541
2541
2542
2543
2545
2545
2548
2550
2551
2553
2559
2566
2573
2577
2577
2577
2578
2589
2596
2598
2603
2604
2610
2612
2614
2614
2614
2616
2616
2616
2625
2628
2634
2636
2639
2643
2650
2651
2655
2659
2666
2667
2667
2668
2668
2680
2681
2682
2683
2685
2685
2694
2696
2696
2705
2707
2708
2715
2715
2724
2724
2725
2726
2727
2735
2742
2742
2746
2749
2770
2772
2773
2775
2780
2782
2785
2790
2792
2795
2797
2797
2801
2802
2808
2812
2817
2818
2818
2818
2819
2821
2829
2831
2843
2843
2843
2845
2853
2856
2859
2860
2862
2868
2871
2880
2881
2887
2889
2900
2907
2908
2912
2915
2916
2921
2924
2934
2938
2939
2942
2943
2944
2947
2950
2955
2959
2963
2963
2964
2971
2974
2975
2979
2982
2984
2984
2989
2992
2996
3000
3005
3010
3010
3013
3017
3017
3019
3024
3031
3035
3042
3043
3059
3064
3083
3083
3084
3091
3092
3096
3111
3111
3116
3124
3130
3131
3133
3134
3135
3137
3139
3140
3140
3141
3144
3164
3165
3166
3170
3172
3179
3181
3188
3194
3196
3199
3200
3203
3209
3212
3212
3214
3215
3218
3221
3222
3223
3223
3229
3229
3234
3239
3242
3242
3244
3244
3259
3260
3261
3262
3265
3273
3274
3283
3283
3287
3289
3291
3293
3293
3302
3304
3306
3312
3312
3313
3319
3321
3322
3324
3325
3330
3337
3344
3353
3354
3367
3367
3367
3372
3372
3372
3373
3377
3395
3399
3400
3404
3405
3413
3416
3425
3427
3428
3429
3432
3434
3434
3435
3435
3439
3441
3443
3444
3446
3448
3448
3450
3452
3454
3460
3462
3463
3465
3466
3477
3484
3489
3491
3494
3497
3500
3503
3504
3505
3506
3507
3509
3509
3511
3513
3513
3519
3521
3528
3529
3535
3537
3538
3548
3555
3556
3560
3567
3571
3576
3580
3580
3582
3591
3601
3602
3604
3605
3616
3616
3618
3629
3630
3636
3637
3647
3650
3651
3652
3656
3661
3672
3673
3678
3681
3684
3684
3685
3687
3692
3697
3699
3700
3701
3702
3704
3710
3712
3715
3719
3720
3722
3728
3735
3736
3741
3742
3746
3750
3751
3753
3758
3763
3770
3771
3773
3773
3774
3779
3782
3786
3792
3792
3795
3798
3798
3803
3807
3812
3813
3817
3820
3826
3831
3835
3839
3841
3844
3846
3848
3855
3857
3858
3861
3862
3865
3867
3872
3873
3876
3877
3878
3882
3888
3893
3896
3896
3919
3920
3922
3933
3934
3935
3941
3943
3946
3950
3952
3956
3957
3958
3960
3962
3963
3965
3971
3971
3971
3971
3973
3975
3975
3977
3988
3989
3992
4001
4007
4009
4012
4012
4016
4018
4021
4021
4028
4033
4035
4037
4038
4039
4042
4058
4059
4062
4063
4065
4073
4074
4075
4075
4078
4083
4084
4088
4088
4089
4090
4110
4113
4114
4117
4119
4121
4132
4136
4140
4145
4153
4155
4155
4156
4159
4160
4161
4166
4167
4172
4179
4182
4185
4189
4197
4197
4200
4203
4203
4205
4205
4212
4217
4225
4226
4226
4228
4229
4230
4230
4233
4245
4252
4256
4258
4261
4265
4266
4268
4278
4279
4279
4281
4289
4290
4293
4297
4299
4306
4307
4309
4312
4314
4316
4330
4331
4332
4335
4344
4345
4351
4354
4360
4366
4369
4372
4373
4377
4387
4390
4391
4401
4402
4405
4410
4412
4412
4417
4423
4426
4427
4429
4432
4436
4438
4438
4441
4446
4447
4448
4452
4453
4455
4457
4461
4471
4484
4488
4492
4498
4498
4498
4501
4502
4502
4518
4523
4527
4529
4531
4532
4535
4537
4538
4538
4539
4540
4541
4543
4543
4545
4549
4550
4551
4552
4553
4554
4556
4557
4559
4559
4559
4562
4563
4576
4576
4577
4583
4584
4590
4590
4593
4596
4597
4598
4601
4605
4608
4618
4630
4632
4633
4635
4635
4635
4638
4640
4642
4642
4645
4645
4648
4648
4656
4658
4659
4661
4661
4664
4669
4670
4673
4675
4678
4678
4680
4682
4682
4687
4689
4690
4695
4701
4705
4708
4709
4709
4710
4714
4717
4719
4722
4722
4731
4735
4740
4740
4742
4746
4747
4748
4748
4750
4754
4758
4760
4763
4773
4774
4780
4786
4787
4794
4795
4802
4803
4808
4809
4814
4818
4823
4826
4827
4828
4832
4833
4833
4837
4846
4847
4850
4852
4856
4859
4860
4864
4875
4880
4883
4883
4889
4892
4893
4894
4896
4896
4900
4907
4910
4910
4911
4918
4920
4920
4923
4927
4927
4927
4928
4929
4936
4936
4937
4938
4938
4941
4943
4952
4953
4955
4956
4958
4965
4966
4969
4972
4978
4979
4979
4980
4985
4994
4994
4997
4998
5003
5008
5008
5011
5014
5017
5021
5021
5022
5025
5027
5028
5030
5042
5042
5043
5046
5046
5052
5057
5062
5064
5069
5070
5073
5073
5079
5080
5081
5089
5092
5101
5105
5106
5107
5108
5119
5120
5121
5122
5125
5128
5128
5132
5134
5141
5141
5142
5142
5142
5161
5163
5166
5167
5170
5173
5174
5176
5181
5191
5191
5193
5194
5195
5196
5197
5197
5202
5208
5210
5215
5216
5223
5226
5227
5236
5239
5239
5252
5253
5254
5259
5262
5264
5269
5271
5272
5273
5283
5293
5293
5297
5298
5302
5312
5315
5324
5324
5336
5348
5350
5352
5362
5362
5365
5373
5374
5377
5377
5378
5387
5388
5389
5392
5392
5394
5401
5406
5407
5407
5407
5412
5415
5426
5431
5432
5435
5436
5438
5443
5444
5450
5463
5465
5465
5475
5484
5491
5494
5495
5496
5496
5502
5504
5508
5510
5510
5513
5517
5520
5526
5527
5529
5535
5539
5542
5542
5542
5543
5545
5546
5549
5552
5553
5553
5556
5566
5575
5576
5580
5581
5581
5583
5584
5587
5591
5593
5594
5597
5598
5600
5601
5601
5602
5606
5606
5610
5620
5623
5629
5630
5644
5651
5654
5655
5658
5660
5660
5663
5664
5668
5670
5671
5673
5679
5687
5691
5696
5708
5712
5716
5719
5727
5731
5735
5737
5739
5741
5745
5745
5745
5749
5753
5757
5762
5762
5764
5775
5778
5790
5792
5794
5796
5798
5798
5800
5808
5811
5817
5820
5821
5833
5837
5840
5841
5842
5842
5843
5846
5857
5857
5876
5881
5881
5882
5883
5883
5883
5884
5884
5886
5887
5888
5897
5902
5902
5904
5910
5911
5912
5914
5915
5915
5918
5922
5922
5923
5927
5934
5938
5939
5939
5940
5943
5946
5949
5950
5950
5954
5961
5963
5969
5970
5972
5975
5979
5980
5980
5981
5982
5986
5987
5993
5996
6007
6007
6007
6013
6013
6013
6016
6016
6017
6024
6026
6038
6044
6049
6050
6051
6052
6058
6060
6060
6062
6064
6072
6073
6074
6075
6075
6075
6078
6094
6101
6101
6101
6102
6103
6106
6113
6117
6129
6136
6150
6152
6153
6171
6171
6173
6174
6175
6178
6178
6184
6185
6197
6198
6199
6199
6201
6209
6213
6214
6224
6228
6228
6230
6234
6236
6239
6239
6240
6246
6249
6256
6261
6261
6274
6276
6281
6281
6287
6288
6288
6295
6300
6305
6309
6316
6318
6320
6320
6321
6321
6322
6323
6323
6324
6326
6330
6339
6340
6341
6342
6345
6346
6347
6355
6359
6362
6368
6370
6373
6377
6378
6387
6403
6404
6410
6411
6412
6414
6420
6421
6421
6424
6425
6426
6439
6442
6450
6457
6465
6469
6470
6474
6475
6480
6481
6483
6494
6501
6507
6507
6508
6509
6510
6513
6515
6518
6519
6520
6527
6528
6530
6534
6541
6542
6543
6544
6553
6553
6569
6569
6574
6574
6585
6585
6586
6588
6594
6599
6605
6619
6622
6625
6627
6628
6630
6636
6640
6647
6656
6667
6668
6668
6675
6675
6684
6686
6690
6694
6699
6699
6703
6705
6709
6711
6712
6712
6715
6717
6718
6723
6724
6725
6726
6730
6731
6735
6736
6737
6738
6747
6748
6753
6753
6756
6757
6758
6768
6770
6771
6771
6773
6775
6776
6778
6785
6793
6801
6804
6812
6812
6815
6818
6820
6820
6821
6827
6832
6833
6836
6836
6837
6837
6849
6852
6860
6860
6861
6865
6870
6870
6877
6890
6890
6892
6893
6896
6897
6901
6903
6905
6907
6909
6912
6912
6913
6915
6921
6922
6922
6923
6927
6929
6932
6959
6960
6963
6967
6967
6969
6973
6976
6978
6979
6981
6982
6988
6988
6989
6993
6993
6994
7001
7003
7004
7011
7013
7017
7017
7022
7024
7025
7030
7030
7034
7036
7041
7043
7047
7048
7050
7054
7055
7058
7063
7067
7068
7077
7079
7080
7080
7082
7091
7108
7108
7113
7113
7120
7124
7124
7126
7134
7140
7140
7150
7153
7154
7160
7161
7168
7169
7169
7170
7171
7172
7180
7180
7188
7198
7200
7200
7209
7218
7219
7226
7230
7237
7241
7243
7253
7254
7261
7267
7268
7269
7269
7270
7272
7277
7280
7283
7291
7293
7300
7307
7310
7319
7320
7322
7324
7326
7328
7336
7337
7341
7348
7348
7353
7355
7355
7355
7360
7363
7363
7364
7366
7374
7378
7378
7380
7383
7383
7389
7390
7393
7394
7396
7397
7398
7401
7405
7418
7420
7423
7426
7426
7427
7430
7431
7434
7434
7437
7442
7447
7449
7462
7463
7463
7474
7480
7480
7483
7494
7494
7497
7503
7503
7507
7509
7510
7510
7516
7520
7520
7521
7525
7526
7526
7529
7530
7539
7544
7549
7566
7567
7568
7573
7573
7575
7582
7588
7590
7611
7622
7637
7642
7643
7649
7653
7660
7664
7670
7671
7673
7679
7682
7684
7686
7694
7695
7697
7698
7700
7702
7706
7707
7708
7709
7712
7717
7725
7727
7728
7731
7735
7735
7737
7742
7743
7752
7758
7759
7760
7760
7761
7764
7771
7775
7775
7777
7777
7783
7784
7785
7786
7791
7798
7798
7800
7804
7804
7805
7805
7808
7811
7829
7831
7831
7834
7836
7840
7842
7844
7851
7852
7854
7855
7856
7859
7859
7861
7864
7865
7869
7870
7886
7890
7900
7901
7902
7904
7908
7908
7917
7924
7926
7926
7937
7938
7944
7954
7957
7963
7966
7973
7973
7974
7984
7993
7994
7995
8001
8003
8005
8006
8009
8010
8015
8019
8019
8025
8026
8030
8034
8035
8043
8043
8047
8050
8055
8056
8062
8063
8065
8067
8068
8069
8074
8080
8081
8082
8086
8091
8095
8096
8105
8110
8114
8114
8117
8118
8118
8119
8130
8132
8134
8135
8139
8147
8148
8150
8153
8154
8156
8159
8162
8163
8163
8165
8166
8166
8166
8167
8167
8170
8172
8175
8176
8177
8178
8178
8179
8179
8180
8188
8189
8190
8190
8191
8191
8196
8196
8205
8211
8216
8216
8217
8222
8231
8231
8235
8240
8243
8244
8247
8253
8256
8258
8263
8270
8280
8291
8294
8312
8326
8328
8329
8339
8344
8348
8349
8356
8359
8359
8361
8362
8367
8368
8368
8371
8372
8373
8376
8376
8382
8382
8384
8388
8395
8404
8405
8405
8411
8411
8413
8413
8414
8416
8418
8423
8425
8425
8426
8432
8439
8440
8445
8445
8449
8450
8454
8459
8462
8464
8469
8476
8476
8476
8482
8488
8491
8491
8491
8491
8499
8501
8502
8502
8507
8508
8508
8511
8513
8518
8528
8528
8531
8534
8534
8534
8535
8538
8546
8549
8552
8554
8558
8559
8559
8559
8562
8565
8566
8566
8567
8567
8568
8569
8570
8575
8578
8583
8586
8594
8596
8599
8603
8618
8622
8627
8630
8633
8633
8634
8636
8636
8641
8643
8647
8648
8651
8652
8654
8663
8665
8667
8667
8670
8675
8677
8685
8688
8692
8693
8698
8705
8709
8712
8717
8718
8719
8722
8731
8733
8733
8739
8744
8747
8749
8754
8755
8759
8763
8766
8771
8772
8775
8775
8777
8780
8787
8787
8789
8793
8799
8808
8809
8813
8827
8833
8833
8836
8837
8838
8841
8849
8855
8856
8859
8863
8865
8867
8878
8878
8886
8918
8918
8924
8926
8927
8928
8933
8933
8936
8938
8939
8940
8942
8945
8946
8949
8949
8952
8953
8955
8955
8958
8958
8961
8961
8962
8964
8964
8969
8969
8970
8976
8978
8984
8988
8989
8994
9001
9003
9003
9004
9004
9004
9008
9013
9015
9017
9018
9022
9028
9028
9030
9031
9033
9049
9051
9054
9062
9063
9065
9066
9067
9068
9073
9075
9075
9081
9082
9097
9101
9101
9105
9106
9108
9112
9112
9112
9121
9121
9123
9128
9129
9131
9133
9137
9139
9143
9143
9159
9160
9162
9165
9168
9168
9169
9169
9173
9177
9178
9178
9196
9198
9200
9201
9204
9205
9208
9208
9221
9224
9225
9227
9233
9235
9237
9238
9244
9245
9246
9253
9255
9263
9266
9279
9281
9290
9301
9306
9308
9311
9316
9318
9323
9326
9326
9337
9337
9339
9339
9339
9342
9344
9345
9350
9352
9356
9357
9357
9358
9359
9364
9366
9369
9370
9370
9377
9377
9377
9381
9383
9386
9388
9392
9392
9399
9400
9400
9401
9402
9403
9405
9405
9408
9412
9421
9421
9424
9432
9433
9438
9447
9453
9456
9457
9465
9467
9469
9472
9472
9478
9485
9486
9488
9493
9499
9500
9502
9504
9523
9524
9526
9540
9543
9552
9554
9556
9560
9561
9562
9562
9564
9566
9566
9568
9569
9570
9571
9571
9571
9573
9575
9584
9596
9598
9600
9601
9601
9603
9605
9606
9606
9612
9613
9614
9623
9626
9646
9650
9655
9656
9659
9664
9665
9666
9670
9670
9672
9674
9679
9685
9688
9690
9691
9697
9702
9705
9707
9707
9711
9713
9716
9722
9728
9736
9740
9741
9741
9745
9749
9752
9757
9763
9768
9781
9781
9782
9783
9784
9791
9793
9800
9808
9811
9812
9815
9815
9819
9825
9827
9828
9836
9836
9844
9846
9847
9849
9850
9852
9856
9857
9860
9865
9866
9868
9869
9892
9895
9899
9904
9905
9910
9911
9915
9937
9941
9954
9954
9956
9958
9962
9962
9968
9970
9974
9976
9981
9985
9989
9989
10003
10004
10004
10006
10008
10008
10011
10013
10013
10018
10021
10023
10034
10036
10040
10042
10045
10046
10046
10047
10047
10050
10053
10053
10062
10062
10064
10068
10070
10071
10073
10075
10078
10081
10087
10091
10091
10096
10099
10111
10111
10112
10114
10116
10121
10121
10122
10125
10128
10130
10137
10139
10142
10142
10143
10146
10146
10146
10150
10152
10164
10168
10169
10173
10180
10183
10183
10185
10186
10186
10193
10197
10198
10199
10214
10225
10229
10233
10235
10236
10246
10247
10249
10253
10255
10258
10259
10260
10264
10268
10283
10284
10288
10288
10297
10299
10304
10308
10318
10320
10322
10326
10331
10342
10343
10346
10354
10364
10366
10370
10378
10379
10381
10383
10388
10388
10394
10396
10398
10398
10399
10402
10404
10405
10413
10420
10422
10423
10426
10429
10433
10433
10434
10435
10435
10450
10451
10459
10460
10464
10464
10466
10470
10470
10470
10470
10471
10472
10472
10474
10476
10485
10487
10490
10491
10492
10496
10501
10522
10524
10525
10529
10530
10531
10535
10539
10544
10552
10553
10557
10562
10566
10567
10571
10574
10575
10576
10577
10578
10579
10581
10585
10588
10591
10592
10603
10603
10604
10605
10605
10612
10615
10620
10625
10626
10631
10637
10638
10640
10641
10641
10642
10649
10651
10655
10661
10663
10663
10668
10669
10675
10675
10679
10680
10691
10692
10715
10717
10720
10720
10724
10731
10732
10737
10739
10739
10742
10744
10750
10752
10752
10763
10766
10766
10773
10778
10781
10787
10791
10792
10796
10798
10800
10808
10816
10823
10825
10826
10830
10832
10836
10836
10844
10846
10853
10854
10854
10856
10858
10860
10861
10863
10869
10869
10870
10878
10878
10879
10885
10885
10887
10888
10890
10894
10895
10905
10905
10910
10918
10932
10934
10935
10938
10939
10949
10953
10953
10956
10957
10961
10961
10965
10966
10967
10970
10974
10984
10984
10985
10987
10992
10995
10996
10996
11000
11004
11011
11011
11012
11013
11018
11019
11023
11029
11030
11031
11032
11035
11037
11039
11043
11043
11043
11045
11050
11053
11063
11064
11066
11072
11073
11075
11076
11083
11085
11088
11096
11098
11100
11106
11108
11111
11116
11122
11127
11128
11132
11132
11133
11134
11135
11136
11140
11144
11161
11165
11167
11171
11171
11176
11179
11187
11191
11191
11197
11197
11200
11204
11206
11209
11215
11219
11225
11225
11229
11237
11252
11253
11258
11270
11273
11274
11275
11279
11282
11282
11284
11295
11296
11307
11309
11318
11319
11320
11320
11330
11331
11336
11336
11337
11340
11348
11357
11357
11365
11365
11371
11374
11378
11379
11384
11386
11392
11392
11397
11397
11401
11402
11403
11410
11415
11415
11417
11417
11417
11420
11420
11423
11424
11432
11442
11447
11451
11453
11455
11456
11461
11462
11464
11464
11465
11471
11474
11474
11477
11482
11486
11489
11491
11491
11492
11494
11497
11497
11504
11506
11507
11510
11512
11513
11518
11525
11531
11541
11544
11545
11549
11549
11552
11553
11553
11559
11562
11565
11568
11575
11578
11579
11583
11590
11591
11592
11595
11600
11600
11603
11606
11623
11629
11629
11631
11638
11640
11641
11642
11643
11647
11648
11648
11659
11660
11663
11664
11665
11672
11672
11675
11675
11676
11678
11681
11687
11688
11688
11690
11691
11691
11694
11694
11694
11695
11698
11711
11713
11714
11720
11723
11728
11730
11732
11732
11734
11737
11759
11761
11770
11770
11771
11772
11773
11773
11775
11782
11785
11785
11786
11789
11793
11794
11796
11796
11799
11800
11802
11809
11814
11816
11818
11823
11825
11832
11832
11835
11835
11839
11845
11848
11849
11865
11865
11870
11871
11873
11875
11882
11885
11885
11888
11888
11890
11892
11892
11894
11899
11909
11916
11916
11917
11923
11925
11934
11935
11936
11937
11943
11944
11948
11948
11948
11959
11964
11968
11980
11980
11980
11981
11984
11990
12001
12001
12003
12004
12009
12010
12012
12016
12017
12018
12019
12020
12021
12031
12032
12033
12039
12039
12040
12045
12047
12052
12052
12056
12056
12056
12057
12057
12059
12060
12067
12067
12070
12071
12072
12072
12074
12079
12090
12095
12105
12108
12113
12114
12118
12118
12120
12125
12130
12131
12132
12134
12138
12143
12146
12148
12152
12163
12165
12168
12175
12182
12183
12184
12186
12186
12187
12192
12192
12196
12198
12199
12204
12205
12205
12206
12206
12217
12219
12220
12224
12225
12226
12227
12231
12236
12242
12243
12243
12244
12247
12247
12248
12256
12260
12267
12271
12272
12280
12282
12282
12283
12284
12288
12289
12291
12292
12296
12298
12300
12301
12303
12303
12306
12322
12323
12323
12327
12331
12333
12336
12341
12343
12344
12345
12348
12355
12362
12373
12374
12374
12376
12378
12379
12383
12385
12385
12386
12387
12387
12399
12400
12401
12404
12406
12407
12408
12408
12409
12411
12416
12423
12423
12427
12432
12437
12438
12440
12441
12448
12450
12453
12454
12455
12461
12461
12466
12466
12471
12473
12474
12474
12475
12476
12476
12485
12485
12490
12494
12498
12499
12500
12501
12508
12512
12513
12514
12515
12515
12516
12521
12523
12524
12527
12535
12535
12540
12544
12550
12564
12571
12574
12574
12587
12587
12589
12589
12592
12595
12604
12606
12611
12624
12628
12628
12632
12633
12634
12638
12643
12643
12645
12649
12653
12653
12656
12656
12660
12661
12672
12676
12678
12680
12687
12688
12698
12698
12701
12702
12707
12707
12707
12710
12729
12729
12730
12733
12748
12750
12750
12756
12760
12764
12767
12769
12772
12792
12796
12798
12800
12803
12806
12810
12815
12818
12820
12824
12825
12826
12830
12831
12839
12839
12841
12843
12846
12847
12849
12852
12854
12857
12858
12862
12866
12869
12871
12875
12877
12880
12882
12883
12884
12885
12885
12887
12890
12892
12899
12899
12901
12904
12906
12913
12914
12914
12917
12919
12920
12923
12927
12929
12932
12933
12934
12937
12939
12940
12943
12943
12945
12946
12946
12947
12947
12949
12957
12958
12977
12978
12981
12985
12985
12989
12993
12994
12996
12996
12998
12999
13002
13007
13012
13012
13025
13027
13029
13031
13038
13045
13046
13047
13050
13055
13065
13068
13086
13091
13092
13096
13100
13100
13104
13104
13107
13113
13122
13138
13138
13139
13143
13148
13152
13153
13154
13157
13157
13163
13163
13165
13166
13167
13169
13170
13172
13173
13177
13178
13192
13203
13207
13207
13210
13212
13216
13217
13226
13228
13228
13229
13234
13239
13246
13250
13254
13260
13261
13275
13276
13278
13281
13283
13283
13284
13288
13293
13295
13296
13299
13301
13301
13305
13309
13314
13314
13318
13320
13321
13321
13322
13325
13328
13329
13331
13331
13336
13342
13345
13347
13354
13358
13371
13379
13379
13380
13381
13381
13383
13385
13396
13396
13397
13403
13406
13407
13408
13410
13411
13415
13418
13420
13428
13433
13439
13442
13443
13457
13460
13463
13473
13485
13486
13488
13494
13494
13496
13498
13500
13502
13509
13518
13522
13524
13539
13541
13547
13547
13554
13556
13557
13559
13561
13565
13568
13569
13574
13575
13591
13591
13600
13606
13614
13623
13633
13636
13639
13641
13642
13644
13647
13648
13653
13654
13654
13662
13663
13665
13673
13676
13690
13695
13695
13695
13698
13699
13702
13704
13706
13707
13707
13708
13709
13715
13719
13721
13722
13729
13730
13733
13734
13750
13756
13756
13757
13760
13762
13763
13767
13770
13777
13782
13782
13790
13791
13791
13796
13797
13798
13799
13802
13802
13803
13814
13818
13819
13820
13828
13830
13831
13831
13832
13832
13834
13839
13841
13842
13847
13856
13857
13859
13860
13860
13872
13880
13880
13881
13881
13886
13891
13904
13908
13911
13914
13914
13915
13916
13938
13948
13948
13952
13955
13955
13958
13965
13966
13967
13969
13970
13975
13981
13988
13993
13996
13997
14003
14005
14007
14008
14010
14011
14015
14021
14022
14023
14026
14028
14040
14049
14050
14050
14053
14054
14066
14075
14085
14088
14088
14093
14095
14100
14104
14105
14109
14112
14114
14114
14124
14125
14127
14129
14130
14138
14140
14151
14151
14157
14159
14164
14165
14168
14168
14171
14175
14177
14178
14179
14186
14188
14188
14197
14199
14206
14207
14212
14213
14220
14220
14221
14221
14224
14226
14227
14233
14233
14235
14236
14237
14237
14240
14240
14243
14258
14259
14270
14272
14286
14286
14291
14292
14292
14294
14294
14299
14301
14302
14306
14307
14309
14312
14314
14317
14320
14324
14326
14327
14331
14334
14335
14340
14348
14350
14351
14354
14358
14358
14366
14367
14368
14370
14374
14382
14385
14389
14394
14394
14396
14402
14405
14412
14413
14415
14416
14418
14434
14438
14443
14448
14450
14452
14462
14466
14468
14469
14472
14477
14479
14486
14494
14502
14502
14506
14513
14517
14521
14521
14527
14528
14528
14533
14537
14538
14540
14541
14550
14550
14555
14559
14560
14566
14568
14568
14574
14577
14577
14583
14583
14584
14592
14594
14595
14602
14603
14605
14612
14614
14616
14620
14623
14624
14625
14629
14633
14635
14641
14645
14649
14649
14650
14650
14653
14655
14660
14682
14687
14697
14699
14702
14703
14707
14710
14716
14718
14726
14726
14729
14730
14731
14738
14744
14747
14759
14760
14764
14764
14765
14773
14773
14783
14784
14788
14792
14801
14805
14810
14815
14822
14827
14827
14829
14840
14844
14844
14845
14848
14851
14856
14858
14860
14860
14871
14873
14875
14875
14875
14881
14884
14889
14893
14897
14898
14900
14905
14908
14908
14910
14912
14912
14916
14917
14917
14919
14922
14924
14924
14926
14934
14934
14935
14937
14939
14943
14944
14945
14950
14955
14957
14963
14967
14969
14970
14972
14973
14976
14976
14976
14980
14984
14986
14986
14987
14990
14990
14990
14992
14998
15000
15001
15004
15013
15017
15020
15020
15021
15021
15023
15025
15029
15038
15038
15038
15040
15044
15047
15047
15052
15054
15056
15057
15057
15061
15065
15067
15068
15072
15081
15083
15084
15085
15091
15093
15100
15106
15111
15117
15120
15123
15138
15146
15147
15148
15150
15152
15156
15158
15166
15172
15176
15177
15180
15187
15198
15206
15207
15211
15211
15217
15223
15223
15235
15236
15237
15238
15245
15256
15259
15264
15270
15275
15277
15278
15278
15280
15282
15282
15285
15287
15287
15306
15310
15310
15314
15322
15322
15328
15328
15328
15329
15330
15332
15333
15333
15334
15339
15340
15341
15347
15349
15350
15350
15356
15358
15360
15361
15361
15370
15377
15378
15387
15387
15391
15392
15396
15397
15399
15410
15411
15411
15411
15413
15415
15415
15420
15425
15427
15428
15432
15434
15444
15449
15455
15456
15473
15474
15476
15478
15487
15487
15493
15500
15503
15505
15506
15510
15510
15513
15514
15514
15518
15519
15525
15534
15538
15541
15542
15544
15545
15548
15551
15553
15556
15558
15558
15558
15560
15562
15568
15568
15569
15569
15578
15581
15587
15595
15602
15606
15611
15620
15620
15625
15626
15629
15629
15643
15645
15653
15656
15663
15672
15680
15683
15685
15688
15705
15709
15717
15718
15718
15718
15719
15723
15725
15732
15733
15733
15734
15735
15737
15737
15740
15740
15743
15744
15764
15767
15767
15767
15768
15772
15772
15775
15779
15789
15790
15794
15795
15797
15803
15805
15821
15823
15824
15825
15830
15836
15836
15838
15840
15840
15841
15844
15849
15852
15853
15854
15857
15861
15861
15867
15868
15868
15878
15886
15886
15889
15892
15902
15910
15914
15915
15918
15919
15920
15923
15923
15930
15934
15934
15940
15942
15944
15946
15954
15962
15963
15964
15965
15969
15970
15977
15989
16000
16007
16007
16008
16009
16009
16010
16013
16023
16024
16024
16026
16034
16035
16037
16040
16042
16045
16045
16046
16049
16049
16053
16060
16062
16064
16066
16078
16080
16082
16084
16089
16093
16096
16097
16107
16108
16111
16113
16124
16127
16131
16132
16136
16137
16141
16141
16145
16150
16151
16160
16162
16164
16169
16171
16173
16177
16183
16192
16196
16197
16199
16201
16202
16215
16217
16219
16221
16233
16235
16237
16242
16242
16243
16243
16251
16252
16254
16261
16268
16273
16278
16278
16279
16279
16279
16281
16283
16292
16293
16293
16295
16299
16305
16309
16320
16321
16324
16326
16331
16331
16332
16336
16345
16354
16356
16357
16361
16361
16363
16365
16372
16372
16373
16376
16376
16377
16381
16382
16386
16386
16389
16391
16394
16408
16409
16411
16414
16416
16419
16420
16423
16428
16428
16437
16440
16444
16444
16454
16455
16457
16460
16461
16461
16468
16475
16477
16482
16484
16488
16488
16492
16495
16496
16504
16508
16513
16514
16514
16521
16523
16523
16525
16527
16530
16536
16540
16545
16557
16557
16561
16564
16564
16567
16568
16569
16570
16576
16579
16585
16589
16593
16599
16604
16605
16605
16606
16609
16614
16617
16622
16624
16624
16625
16628
16628
16631
16632
16633
16636
16639
16643
16646
16648
16650
16655
16655
16656
16657
16659
16662
16679
16680
16687
16688
16693
16693
16694
16694
16699
16706
16706
16706
16707
16709
16709
16710
16713
16714
16720
16721
16722
16724
16729
16730
16733
16734
16734
16742
16743
16747
16747
16748
16758
16761
16763
16772
16778
16780
16780
16781
16783
16784
16803
16806
16809
16813
16818
16819
16820
16821
16824
16825
16832
16832
16834
16834
16840
16844
16847
16850
16851
16853
16855
16860
16867
16869
16871
16876
16876
16882
16882
16887
16888
16888
16888
16895
16902
16903
16907
16908
16908
16908
16911
16913
16914
16915
16916
16922
16925
16928
16928
16935
16936
16938
16939
16940
16941
16942
16951
16952
16952
16956
16963
16965
16972
16979
16980
16983
16990
16992
16994
17001
17004
17008
17012
17013
17019
17019
17022
17022
17023
17027
17033
17037
17041
17041
17041
17044
17044
17045
17046
17050
17059
17063
17066
17067
17068
17068
17070
17076
17077
17082
17086
17086
17089
17096
17113
17115
17116
17119
17120
17121
17121
17125
17128
17136
17137
17144
17148
17148
17152
17152
17156
17159
17168
17170
17171
17176
17180
17184
17185
17187
17190
17192
17192
17204
17204
17206
17209
17211
17221
17223
17227
17229
17231
17232
17236
17248
17254
17254
17256
17259
17260
17263
17264
17264
17265
17266
17271
17274
17275
17275
17276
17282
17288
17290
17295
17298
17309
17315
17319
17319
17320
17327
17332
17334
17334
17338
17338
17350
17353
17355
17358
17360
17363
17364
17365
17371
17371
17372
17372
17383
17386
17392
17392
17393
17396
17398
17400
17400
17401
17405
17408
17410
17414
17437
17440
17441
17442
17443
17443
17444
17447
17449
17452
17454
17472
17475
17481
17484
17486
17488
17489
17489
17492
17497
17499
17500
17503
17504
17506
17512
17515
17521
17522
17524
17525
17528
17537
17539
17541
17543
17543
17548
17551
17555
17555
17559
17568
17571
17572
17574
17576
17576
17577
17580
17587
17588
17593
17595
17598
17606
17610
17613
17614
17616
17621
17625
17627
17632
17641
17650
17652
17660
17660
17661
17662
17667
17670
17678
17684
17684
17686
17687
17696
17696
17698
17703
17707
17708
17712
17719
17719
17720
17730
17734
17735
17738
17746
17752
17753
17755
17755
17757
17761
17772
17773
17778
17779
17780
17785
17788
17791
17791
17794
17796
17799
17800
17801
17804
17805
17808
17809
17809
17818
17825
17832
17834
17835
17835
17837
17839
17844
17850
17854
17855
17862
17867
17876
17885
17886
17890
17916
17921
17921
17921
17922
17923
17926
17927
17929
17931
17931
17943
17943
17944
17952
17955
17956
17960
17965
17965
17971
17973
17974
17979
17980
17980
17985
17986
17987
17988
17994
17998
17998
18008
18008
18016
18016
18016
18018
18022
18026
18027
18027
18027
18037
18038
18044
18049
18054
18058
18064
18066
18067
18069
18079
18082
18083
18083
18088
18092
18095
18095
18099
18100
18104
18107
18107
18112
18114
18114
18122
18123
18127
18133
18134
18142
18144
18146
18146
18148
18151
18152
18154
18157
18159
18161
18166
18166
18169
18170
18170
18173
18175
18175
18178
18183
18189
18190
18191
18193
18199
18200
18201
18202
18208
18210
18217
18217
18218
18221
18224
18225
18227
18229
18232
18235
18236
18238
18240
18243
18246
18249
18255
18255
18258
18263
18265
18271
18271
18276
18284
18286
18287
18296
18299
18306
18307
18310
18311
18311
18319
18320
18322
18323
18331
18332
18335
18336
18341
18341
18343
18344
18347
18352
18359
18364
18364
18366
18367
18374
18377
18379
18383
18389
18391
18395
18395
18396
18399
18403
18409
18409
18412
18414
18416
18416
18418
18420
18428
18433
18443
18446
18451
18454
18457
18460
18467
18468
18471
18485
18493
18499
18499
18511
18514
18523
18523
18526
18536
18537
18544
18545
18550
18554
18554
18555
18557
18562
18562
18563
18564
18564
18565
18568
18579
18582
18584
18584
18598
18599
18604
18607
18616
18616
18617
18618
18619
18620
18622
18626
18630
18632
18632
18637
18640
18648
18652
18653
18655
18656
18658
18658
18659
18670
18671
18672
18674
18684
18687
18687
18698
18701
18705
18708
18716
18717
18718
18718
18719
18721
18725
18726
18726
18728
18728
18731
18734
18734
18746
18751
18757
18768
18768
18774
18774
18774
18776
18776
18778
18782
18789
18794
18796
18796
18797
18797
18801
18808
18809
18811
18811
18811
18812
18813
18821
18824
18824
18824
18831
18835
18835
18836
18837
18838
18844
18847
18848
18851
18855
18855
18855
18858
18859
18867
18870
18872
18874
18876
18877
18878
18881
18883
18885
18885
18889
18894
18901
18902
18904
18907
18910
18910
18918
18927
18930
18932
18935
18936
18943
18945
18950
18957
18957
18961
18979
18982
18984
18989
18993
18997
19002
19004
19007
19007
19010
19011
19012
19013
19020
19021
19023
19023
19028
19031
19031
19044
19045
19046
19048
19048
19058
19062
19063
19063
19065
19069
19069
19073
19077
19083
19084
19087
19089
19090
19096
19099
19105
19108
19109
19113
19114
19124
19132
19133
19136
19137
19138
19139
19149
19154
19157
19165
19166
19167
19178
19179
19180
19182
19183
19195
19196
19197
19201
19202
19202
19210
19215
19217
19226
19228
19235
19236
19237
19243
19243
19244
19246
19248
19251
19256
19262
19263
19270
19271
19275
19282
19285
19298
19301
19303
19311
19313
19314
19319
19320
19321
19325
19327
19328
19333
19336
19341
19349
19349
19357
19361
19362
19365
19368
19371
19379
19382
19383
19392
19395
19398
19404
19405
19415
19417
19421
19424
19429
19430
19433
19436
19446
19450
19451
19462
19463
19469
19471
19473
19478
19483
19483
19487
19489
19489
19501
19502
19502
19504
19509
19512
19516
19516
19523
19528
19529
19534
19536
19539
19545
19549
19554
19554
19554
19557
19567
19569
19569
19569
19571
19572
19574
19575
19575
19577
19578
19579
19580
19583
19586
19592
19596
19605
19606
19613
19628
19637
19638
19639
19647
19649
19650
19652
19654
19655
19662
19666
19670
19671
19672
19673
19674
19675
19678
19698
19704
19707
19716
19720
19722
19724
19731
19732
19733
19734
19735
19738
19738
19739
19739
19743
19743
19744
19749
19751
19758
19759
19766
19769
19769
19770
19773
19776
19776
19777
19780
19782
19782
19782
19784
19784
19792
19796
19797
19804
19806
19806
19809
19815
19816
19820
19822
19829
19830
19831
19838
19844
19846
19848
19849
19850
19851
19853
19859
19859
19860
19866
19866
19881
19884
19885
19886
19888
19897
19897
19898
19899
19906
19908
19912
19915
19915
19919
19923
19924
19930
19935
19936
19937
19938
19938
19940
19943
19945
19945
19951
19953
19957
19959
19960
19962
19964
19971
19973
19978
19980
19981
19987
19989
19994
19997
19999
20000
20004
20018
20028
20031
20033
20036
20039
20039
20042
20043
20061
20062
20065
20071
20072
20075
20076
20080
20082
20084
20085
20086
20090
20094
20094
20096
20108
20111
20111
20117
20123
20140
20144
20145
20146
20155
20157
20163
20164
20173
20175
20177
20177
20180
20182
20184
20186
20187
20188
20190
20191
20191
20193
20198
20202
20204
20211
20212
20214
20216
20219
20223
20228
20229
20230
20230
20231
20231
20236
20237
20240
20247
20248
20259
20259
20260
20261
20263
20263
20271
20272
20274
20284
20286
20293
20295
20296
20298
20304
20306
20308
20310
20312
20316
20321
20322
20324
20325
20326
20326
20332
20333
20341
20349
20349
20351
20352
20355
20355
20361
20369
20371
20371
20374
20375
20375
20379
20381
20383
20384
20384
20385
20388
20395
20402
20403
20403
20404
20405
20405
20413
20413
20414
20418
20418
20419
20422
20422
20424
20425
20428
20440
20441
20446
20450
20455
20458
20458
20462
20462
20466
20473
20473
20476
20483
20485
20503
20506
20509
20517
20518
20519
20521
20526
20527
20529
20541
20541
20546
20554
20559
20560
20560
20565
20567
20570
20573
20577
20578
20586
20595
20597
20605
20605
20616
20618
20620
20621
20621
20626
20628
20632
20638
20638
20643
20646
20647
20647
20659
20662
20665
20665
20666
20668
20668
20674
20675
20676
20677
20682
20687
20691
20694
20696
20698
20701
20705
20707
20709
20710
20710
20717
20738
20742
20743
20744
20750
20753
20759
20765
20775
20778
20780
20781
20783
20785
20785
20789
20791
20792
20800
20801
20802
20807
20811
20811
20814
20816
20816
20817
20818
20819
20822
20825
20829
20830
20831
20832
20835
20837
20838
20838
20838
20839
20841
20843
20849
20851
20856
20857
20859
20867
20872
20872
20877
20878
20880
20882
20882
20884
20894
20896
20901
20907
20907
20910
20911
20914
20915
20918
20919
20922
20925
20925
20928
20935
20936
20939
20950
20953
20968
20969
20981
20984
20986
20988
20989
20996
20997
20997
21002
21006
21007
21008
21017
21024
21026
21030
21030
21034
21035
21038
21042
21046
21047
21048
21049
21051
21054
21055
21057
21059
21060
21063
21064
21066
21072
21074
21084
21098
21106
21106
21109
21113
21113
21118
21119
21121
21124
21132
21144
21146
21146
21149
21152
21160
21162
21179
21184
21185
21187
21187
21190
21194
21197
21207
21209
21212
21214
21215
21219
21223
21230
21233
21234
21235
21242
21245
21252
21256
21260
21266
21270
21273
21276
21277
21277
21297
21299
21306
21309
21316
21317
21317
21322
21323
21326
21327
21333
21333
21341
21341
21346
21349
21349
21351
21355
21356
21357
21357
21363
21369
21370
21370
21376
21378
21380
21380
21381
21387
21399
21404
21406
21412
21415
21417
21428
21430
21434
21435
21442
21445
21446
21446
21447
21451
21452
21457
21460
21460
21461
21463
21466
21466
21476
21483
21487
21487
21488
21491
21494
21495
21495
21508
21515
21517
21530
21541
21541
21544
21545
21552
21553
21555
21558
21559
21559
21560
21563
21564
21569
21571
21573
21574
21575
21577
21578
21579
21581
21581
21584
21584
21584
21593
21595
21600
21601
21608
21608
21610
21610
21612
21613
21615
21622
21626
21629
21637
21638
21642
21644
21647
21655
21657
21659
21661
21671
21675
21676
21678
21680
21682
21683
21690
21691
21694
21697
21697
21698
21699
21702
21703
21707
21708
21715
21716
21717
21719
21723
21729
21735
21739
21739
21744
21748
21752
21758
21758
21759
21767
21769
21771
21775
21775
21776
21780
21783
21784
21786
21787
21789
21790
21790
21794
21795
21795
21797
21797
21806
21809
21818
21824
21828
21833
21835
21845
21856
21861
21868
21871
21877
21890
21896
21898
21899
21899
21903
21909
21912
21919
21922
21925
21927
21929
21929
21934
21939
21952
21964
21966
21966
21967
21967
21970
21981
21981
21984
21985
21987
21987
21988
21989
21990
21993
21996
22000
22003
22004
22005
22006
22008
22018
22020
22023
22024
22027
22035
22037
22037
22038
22040
22043
22044
22050
22051
22055
22056
22058
22069
22074
22074
22075
22077
22081
22081
22085
22086
22088
22088
22092
22094
22099
22101
22104
22106
22112
22115
22116
22117
22118
22119
22124
22129
22129
22132
22145
22148
22150
22153
22157
22158
22160
22162
22163
22163
22165
22167
22169
22172
22174
22178
22186
22197
22199
22207
22208
22210
22217
22223
22223
22226
22228
22228
22234
22238
22239
22245
22246
22250
22253
22255
22258
22261
22265
22273
22276
22280
22280
22287
22288
22289
22290
22298
22300
22302
22303
22305
22316
22318
22325
22326
22331
22337
22340
22343
22345
22350
22354
22360
22369
22371
22373
22376
22382
22382
22383
22383
22389
22392
22393
22395
22400
22405
22409
22409
22410
22413
22413
22415
22419
22422
22423
22424
22425
22427
22431
22432
22432
22441
22442
22443
22443
22444
22446
22450
22454
22457
22463
22464
22466
22466
22469
22473
22476
22476
22479
22487
22500
22501
22507
22507
22515
22515
22517
22520
22533
22540
22541
22541
22547
22548
22555
22555
22556
22556
22556
22562
22564
22566
22566
22571
22575
22578
22580
22581
22581
22583
22584
22584
22584
22585
22588
22591
22591
22594
22599
22600
22600
22601
22611
22613
22614
22615
22617
22618
22619
22621
22627
22627
22627
22628
22631
22637
22637
22638
22644
22644
22645
22656
22662
22673
22673
22675
22682
22686
22693
22695
22699
22700
22705
22712
22718
22723
22732
22739
22745
22746
22749
22751
22755
22758
22762
22764
22770
22770
22771
22773
22777
22781
22789
22792
22796
22812
22812
22813
22816
22817
22820
22822
22823
22832
22836
22841
22841
22850
22854
22856
22859
22865
22865
22867
22868
22871
22872
22882
22882
22884
22884
22886
22887
22894
22895
22898
22900
22902
22907
22908
22911
22912
22916
22919
22923
22927
22928
22930
22931
22932
22940
22940
22941
22943
22945
22951
22958
22959
22963
22967
22968
22968
22971
22972
22972
22973
22976
22979
22981
22982
22986
22987
22987
22990
22991
22991
22995
22998
22998
22998
23002
23006
23008
23009
23009
23009
23010
23016
23017
23019
23019
23024
23030
23031
23033
23036
23039
23044
23048
23049
23050
23062
23062
23065
23065
23073
23075
23083
23093
23096
23097
23100
23108
23109
23111
23118
23118
23121
23133
23136
23155
23159
23170
23173
23174
23179
23180
23180
23182
23187
23188
23191
23192
23194
23196
23201
23203
23205
23210
23210
23213
23214
23215
23218
23222
23222
23225
23234
23240
23242
23247
23251
23252
23255
23256
23260
23261
23264
23266
23271
23272
23273
23273
23274
23276
23282
23286
23289
23297
23298
23299
23301
23302
23306
23309
23310
23315
23317
23324
23324
23328
23329
23334
23338
23338
23344
23348
23349
23350
23354
23354
23359
23359
23365
23366
23367
23369
23370
23370
23372
23373
23378
23386
23394
23394
23399
23399
23402
23408
23410
23413
23414
23420
23430
23431
23435
23438
23438
23448
23450
23450
23450
23451
23457
23459
23462
23469
23479
23482
23482
23483
23483
23484
23485
23489
23493
23496
23498
23499
23500
23500
23501
23507
23513
23518
23520
23521
23526
23530
23531
23531
23533
23534
23537
23543
23548
23554
23556
23561
23568
23575
23575
23580
23584
23584
23599
23599
23601
23624
23630
23635
23636
23640
23640
23644
23644
23651
23651
23653
23657
23662
23683
23687
23688
23696
23698
23698
23699
23701
23706
23713
23714
23714
23722
23722
23725
23733
23736
23739
23741
23745
23748
23750
23752
23753
23754
23758
23760
23760
23761
23763
23764
23765
23765
23765
23767
23769
23778
23779
23783
23783
23805
23805
23808
23808
23813
23815
23815
23818
23822
23822
23825
23826
23829
23830
23830
23831
23835
23836
23839
23839
23839
23849
23854
23858
23864
23866
23868
23869
23870
23874
23876
23878
23879
23888
23891
23894
23905
23909
23913
23914
23916
23922
23925
23926
23940
23944
23944
23948
23949
23959
23961
23963
23972
23978
23981
23987
23987
23990
23991
23993
23994
23996
23997
23998
24008
24011
24014
24019
24019
24023
24025
24026
24029
24030
24031
24037
24037
24038
24051
24051
24053
24055
24056
24058
24065
24071
24074
24076
24080
24081
24084
24087
24090
24092
24094
24103
24104
24107
24113
24121
24124
24125
24134
24138
24147
24156
24159
24161
24164
24166
24168
24170
24182
24185
24185
24188
24190
24190
24192
24198
24202
24206
24208
24208
24211
24218
24219
24223
24225
24227
24232
24232
24236
24244
24249
24257
24258
24260
24262
24263
24265
24266
24270
24271
24273
24275
24277
24277
24279
24280
24281
24282
24285
24288
24290
24290
24301
24302
24302
24303
24313
24318
24323
24327
24328
24331
24335
24336
24336
24338
24341
24355
24361
24362
24364
24368
24375
24376
24377
24390
24396
24403
24404
24418
24419
24419
24420
24426
24430
24430
24432
24437
24440
24441
24444
24453
24461
24465
24485
24493
24495
24497
24500
24505
24505
24509
24509
24511
24512
24515
24520
24526
24527
24535
24539
24541
24545
24546
24553
24553
24553
24554
24555
24556
24565
24565
24566
24568
24571
24572
24576
24576
24577
24578
24581
24589
24590
24603
24605
24606
24607
24609
24614
24619
24620
24623
24623
24624
24624
24626
24629
24629
24629
24630
24634
24636
24637
24641
24643
24644
24644
24647
24651
24652
24657
24658
24659
24662
24663
24668
24675
24686
24688
24698
24702
24711
24730
24731
24742
24743
24744
24745
24753
24758
24759
24766
24769
24776
24786
24786
24790
24798
24819
24824
24825
24825
24833
24841
24843
24844
24844
24845
24845
24862
24863
24867
24877
24884
24885
24890
24890
24892
24898
24898
24899
24901
24902
24907
24912
24915
24915
24915
24917
24920
24924
24928
24933
24934
24940
24943
24962
24962
24962
24963
24967
24968
24969
24972
24973
24974
24982
24983
24984
24985
24991
24992
24992
24995
24997
25000
25003
25007
25011
25012
25017
25018
25025
25032
25034
25035
25037
25039
25041
25049
25050
25051
25052
25054
25058
25058
25060
25060
25064
25065
25067
25073
25074
25077
25081
25087
25091
25098
25101
25107
25107
25118
25119
25120
25122
25127
25129
25136
25140
25141
25145
25150
25156
25157
25158
25159
25164
25166
25169
25179
25179
25179
25186
25200
25203
25207
25207
25213
25214
25214
25215
25217
25221
25221
25222
25228
25231
25238
25239
25240
25245
25248
25256
25265
25266
25273
25276
25284
25289
25289
25298
25309
25313
25316
25317
25319
25323
25324
25326
25327
25331
25332
25333
25336
25342
25354
25357
25363
25364
25364
25380
25381
25382
25383
25384
25386
25393
25395
25401
25402
25402
25404
25411
25418
25418
25420
25421
25427
25428
25429
25434
25448
25453
25455
25456
25458
25460
25464
25466
25470
25487
25493
25494
25512
25523
25523
25533
25535
25535
25537
25538
25544
25545
25546
25548
25554
25559
25561
25566
25570
25570
25573
25577
25578
25583
25583
25592
25594
25597
25598
25600
25600
25603
25607
25612
25617
25620
25632
25641
25644
25644
25644
25648
25649
25653
25654
25658
25659
25660
25661
25663
25669
25674
25682
25693
25708
25714
25720
25720
25721
25723
25725
25727
25739
25741
25743
25748
25753
25755
25763
25771
25781
25789
25791
25794
25795
25797
25801
25802
25802
25806
25813
25819
25820
25824
25831
25833
25845
25845
25850
25850
25852
25854
25855
25856
25859
25859
25860
25865
25865
25868
25874
25877
25878
25880
25883
25884
25884
25886
25897
25900
25901
25903
25904
25906
25909
25909
25917
25918
25918
25918
25935
25940
25941
25941
25943
25950
25950
25953
25959
25960
25961
25970
25971
25974
25976
25977
25979
25979
25988
25992
25997
25998
26001
26001
26010
26010
26010
26014
26015
26015
26017
26017
26017
26021
26024
26025
26025
26033
26034
26038
26038
26043
26046
26052
26061
26070
26071
26073
26074
26075
26077
26079
26082
26086
26091
26094
26098
26099
26101
26102
26106
26112
26118
26120
26130
26134
26136
26138
26139
26144
26149
26152
26154
26156
26160
26165
26174
26177
26178
26181
26184
26185
26187
26190
26190
26191
26198
26200
26204
26206
26207
26207
26214
26215
26216
26217
26222
26227
26233
26236
26236
26236
26256
26256
26259
26264
26264
26268
26269
26269
26276
26276
26282
26283
26284
26292
26296
26298
26304
26304
26310
26318
26319
26335
26337
26338
26339
26341
26350
26356
26356
26358
26359
26361
26362
26364
26365
26369
26370
26374
26377
26377
26378
26378
26379
26379
26383
26385
26401
26403
26404
26406
26408
26408
26411
26412
26414
26425
26427
26432
26433
26437
26440
26444
26448
26456
26457
26461
26466
26466
26467
26473
26483
26484
26484
26489
26489
26490
26495
26498
26511
26513
26515
26516
26517
26523
26525
26525
26531
26540
26541
26544
26550
26551
26552
26553
26554
26557
26562
26564
26567
26569
26570
26575
26576
26580
26595
26600
26602
26602
26604
26605
26608
26610
26615
26617
26619
26624
26626
26629
26633
26642
26650
26652
26657
26657
26660
26667
26677
26679
26680
26683
26687
26689
26693
26697
26701
26702
26710
26711
26724
26725
26726
26726
26731
26732
26733
26738
26738
26742
26743
26745
26745
26753
26756
26765
26766
26769
26770
26771
26781
26781
26793
26795
26795
26801
26803
26810
26821
26821
26832
26836
26837
26841
26842
26844
26848
26860
26862
26877
26883
26884
26893
26896
26901
26901
26902
26909
26920
26921
26922
26930
26933
26934
26937
26940
26946
26955
26961
26961
26962
26963
26971
26972
26974
26974
26974
26975
26975
26976
26977
26982
26982
26984
26986
26998
27000
27001
27001
27007
27010
27014
27022
27037
27043
27043
27045
27051
27058
27058
27064
27069
27069
27071
27074
27078
27084
27097
27097
27098
27100
27105
27107
27109
27110
27115
27115
27121
27123
27125
27131
27132
27133
27134
27138
27140
27149
27152
27164
27170
27174
27174
27176
27186
27196
27199
27200
27204
27211
27211
27213
27216
27219
27220
27221
27223
27224
27225
27230
27231
27240
27240
27248
27249
27249
27252
27253
27258
27261
27263
27267
27267
27271
27271
27275
27281
27282
27283
27289
27290
27290
27292
27297
27300
27301
27305
27306
27306
27311
27314
27314
27314
27323
27324
27326
27331
27332
27334
27337
27338
27350
27355
27356
27361
27366
27370
27376
27378
27381
27388
27390
27391
27393
27396
27398
27402
27403
27403
27404
27410
27411
27412
27420
27427
27427
27430
27430
27430
27439
27447
27452
27456
27458
27458
27460
27460
27462
27463
27464
27471
27472
27478
27479
27489
27497
27500
27504
27515
27530
27535
27536
27538
27540
27543
27544
27545
27546
27548
27550
27551
27552
27553
27554
27557
27564
27566
27568
27570
27571
27573
27574
27575
27576
27579
27582
27588
27589
27593
27595
27599
27602
27602
27604
27607
27610
27611
27618
27623
27623
27629
27629
27631
27632
27632
27639
27647
27659
27659
27669
27673
27677
27684
27693
27700
27701
27704
27704
27706
27706
27706
27707
27708
27711
27712
27714
27716
27722
27726
27729
27732
27737
27751
27756
27757
27758
27760
27760
27761
27780
27782
27783
27783
27791
27795
27800
27800
27804
27809
27815
27819
27822
27824
27824
27829
27830
27833
27836
27839
27840
27845
27845
27860
27860
27865
27865
27867
27874
27875
27892
27895
27902
27903
27905
27915
27916
27916
27917
27919
27920
27921
27929
27932
27933
27935
27935
27935
27938
27938
27956
27961
27966
27968
27974
27977
27983
27985
27985
27990
27991
27995
27997
28000
28006
28014
28015
28019
28021
28025
28027
28031
28032
28058
28060
28063
28066
28066
28067
28069
28070
28077
28078
28079
28080
28090
28092
28095
28102
28105
28105
28106
28107
28108
28112
28114
28116
28118
28125
28127
28136
28143
28144
28148
28155
28162
28165
28167
28170
28172
28174
28175
28178
28182
28185
28187
28190
28190
28193
28197
28197
28197
28199
28199
28201
28211
28215
28215
28218
28218
28218
28219
28229
28230
28235
28239
28240
28245
28250
28250
28250
28251
28253
28254
28258
28258
28263
28263
28267
28272
28278
28281
28282
28282
28287
28291
28295
28297
28298
28298
28302
28306
28307
28309
28312
28312
28315
28320
28321
28325
28325
28336
28336
28340
28346
28346
28348
28348
28355
28359
28365
28366
28372
28374
28377
28379
28380
28381
28383
28386
28388
28390
28391
28394
28395
28396
28397
28398
28400
28405
28405
28410
28411
28419
28423
28423
28425
28425
28426
28426
28431
28434
28436
28439
28439
28439
28443
28443
28443
28446
28448
28450
28458
28462
28472
28472
28476
28485
28496
28496
28496
28500
28502
28505
28505
28507
28513
28513
28514
28521
28525
28529
28529
28530
28533
28538
28543
28544
28547
28551
28559
28559
28561
28564
28564
28568
28569
28573
28580
28582
28587
28590
28599
28605
28616
28619
28622
28623
28623
28626
28627
28627
28628
28628
28629
28630
28631
28634
28639
28641
28649
28653
28655
28655
28656
28659
28659
28659
28668
28673
28690
28691
28694
28694
28696
28698
28702
28709
28712
28718
28721
28726
28729
28739
28740
28742
28745
28752
28752
28754
28754
28755
28763
28765
28769
28772
28774
28775
28797
28802
28803
28807
28808
28809
28811
28811
28814
28815
28816
28825
28825
28832
28833
28834
28834
28835
28839
28841
28842
28847
28849
28850
28856
28860
28862
28866
28867
28869
28871
28872
28873
28873
28875
28876
28881
28883
28884
28888
28888
28893
28897
28898
28901
28905
28909
28912
28915
28918
28920
28922
28928
28934
28935
28939
28943
28944
28944
28945
28949
28951
28956
28959
28968
28968
28975
28980
28984
28990
28991
28992
29002
29011
29012
29012
29013
29013
29014
29020
29021
29022
29024
29029
29031
29035
29036
29037
29042
29045
29048
29052
29061
29065
29067
29070
29071
29071
29074
29079
29079
29080
29084
29085
29085
29090
29095
29095
29096
29097
29102
29103
29110
29119
29125
29127
29143
29145
29150
29152
29155
29157
29161
29163
29169
29171
29173
29181
29183
29187
29191
29193
29198
29198
29200
29205
29208
29208
29215
29218
29237
29242
29244
29245
29249
29250
29251
29256
29260
29265
29266
29271
29271
29272
29278
29279
29279
29283
29293
29297
29301
29304
29307
29307
29312
29315
29318
29318
29322
29323
29324
29327
29333
29334
29336
29337
29338
29338
29342
29345
29349
29350
29353
29355
29356
29357
29357
29361
29364
29364
29369
29376
29378
29380
29380
29384
29391
29395
29395
29397
29399
29402
29403
29403
29405
29408
29411
29413
29417
29424
29431
29434
29434
29435
29442
29443
29446
29447
29452
29453
29461
29462
29463
29471
29475
29475
29478
29478
29487
29490
29491
29493
29496
29498
29498
29502
29505
29508
29508
29510
29518
29523
29524
29527
29534
29534
29535
29539
29546
29546
29548
29548
29549
29551
29556
29559
29560
29566
29567
29571
29572
29573
29574
29578
29581
29583
29594
29601
29603
29609
29611
29620
29623
29625
29626
29639
29640
29648
29648
29649
29649
29650
29650
29652
29653
29653
29659
29661
29667
29670
29674
29678
29681
29686
29688
29697
29701
29706
29706
29710
29715
29717
29719
29720
29721
29724
29725
29726
29730
29731
29738
29739
29741
29743
29743
29745
29748
29752
29753
29761
29762
29777
29778
29781
29781
29783
29784
29786
29788
29790
29797
29800
29802
29816
29816
29817
29824
29838
29839
29839
29843
29844
29846
29848
29854
29857
29861
29861
29862
29866
29874
29879
29881
29885
29889
29890
29891
29894
29896
29897
29897
29900
29910
29911
29911
29914
29925
29927
29927
29931
29934
29936
29937
29940
29940
29944
29954
29954
29954
29957
29958
29968
29975
29977
29981
29983
29989
29990
30001
30002
30005
30013
30014
30018
30020
30025
30031
30033
30038
30039
30039
30041
30046
30046
30047
30049
30051
30054
30060
30063
30064
30067
30074
30076
30082
30090
30098
30099
30099
30100
30100
30103
30109
30110
30114
30119
30120
30124
30125
30135
30136
30142
30147
30151
30153
30168
30168
30170
30174
30179
30180
30185
30185
30189
30192
30196
30197
30198
30203
30210
30214
30216
30218
30227
30227
30233
30238
30240
30241
30242
30245
30246
30247
30252
30252
30253
30254
30255
30257
30257
30260
30264
30264
30265
30268
30274
30280
30282
30283
30284
30293
30294
30296
30299
30303
30306
30307
30307
30308
30310
30314
30316
30319
30322
30332
30336
30343
30344
30351
30353
30354
30355
30358
30368
30373
30375
30379
30384
30394
30396
30396
30401
30401
30405
30409
30423
30428
30428
30429
30431
30432
30432
30441
30443
30443
30448
30454
30460
30461
30461
30464
30465
30468
30469
30469
30473
30475
30480
30495
30498
30512
30513
30515
30517
30518
30519
30520
30522
30522
30525
30528
30531
30537
30537
30545
30551
30556
30557
30559
30560
30560
30563
30572
30575
30578
30585
30590
30591
30592
30594
30594
30595
30596
30598
30605
30611
30614
30615
30615
30619
30619
30620
30622
30625
30625
30630
30632
30632
30637
30642
30644
30644
30645
30647
30650
30650
30651
30651
30653
30657
30658
30660
30668
30675
30682
30684
30685
30688
30691
30694
30695
30706
30707
30708
30712
30714
30716
30716
30720
30727
30730
30732
30734
30738
30742
30743
30745
30746
30746
30747
30750
30752
30760
30765
30767
30769
30779
30782
30783
30786
30786
30788
30792
30792
30793
30795
30800
30804
30804
30805
30813
30817
30822
30823
30824
30826
30830
30835
30837
30842
30844
30847
30848
30851
30855
30857
30858
30858
30859
30860
30864
30865
30876
30878
30882
30892
30898
30904
30907
30910
30916
30921
30922
30923
30928
30938
30941
30942
30942
30944
30944
30950
30954
30954
30963
30963
30964
30964
30970
30972
30973
30981
30981
30992
30994
30999
30999
31002
31002
31006
31006
31009
31009
31012
31023
31034
31035
31037
31042
31044
31047
31048
31048
31051
31052
31061
31063
31067
31067
31072
31073
31079
31082
31082
31084
31085
31086
31088
31092
31097
31098
31099
31106
31108
31108
31110
31112
31118
31118
31119
31119
31124
31124
31130
31138
31140
31143
31148
31148
31150
31155
31167
31167
31168
31169
31171
31176
31177
31179
31180
31180
31181
31182
31187
31188
31191
31192
31193
31199
31202
31205
31206
31212
31213
31213
31214
31214
31219
31226
31227
31230
31232
31237
31238
31239
31243
31256
31260
31260
31262
31266
31267
31270
31271
31273
31276
31277
31286
31286
31286
31287
31296
31297
31301
31302
31304
31311
31311
31316
31318
31324
31335
31337
31340
31342
31346
31352
31357
31362
31370
31372
31376
31378
31383
31388
31390
31392
31392
31405
31408
31413
31416
31416
31416
31417
31417
31420
31420
31429
31431
31432
31433
31436
31437
31440
31443
31454
31460
31469
31470
31474
31477
31482
31487
31490
31497
31504
31506
31508
31509
31518
31519
31528
31532
31534
31535
31535
31537
31539
31541
31545
31546
31546
31546
31547
31548
31549
31552
31553
31554
31554
31555
31557
31559
31560
31563
31564
31567
31567
31568
31573
31574
31579
31580
31581
31588
31596
31597
31598
31599
31601
31602
31602
31604
31604
31605
31608
31612
31617
31621
31626
31628
31632
31632
31647
31649
31659
31667
31670
31676
31676
31683
31691
31698
31703
31705
31708
31708
31711
31717
31717
31717
31719
31722
31727
31727
31728
31735
31737
31743
31753
31755
31756
31763
31767
31768
31774
31782
31784
31785
31790
31795
31796
31802
31808
31812
31814
31817
31818
31823
31833
31838
31839
31840
31842
31842
31845
31846
31853
31859
31860
31861
31868
31869
31872
31881
31884
31890
31894
31895
31901
31902
31902
31902
31903
31904
31907
31911
31912
31918
31918
31921
31923
31924
31925
31927
31937
31937
31937
31938
31955
31958
31958
31964
31965
31967
31968
31970
31974
31976
31977
31990
32000
32003
32004
32004
32010
32014
32014
32015
32018
32022
32026
32026
32035
32038
32038
32039
32046
32048
32051
32056
32058
32068
32070
32081
32083
32100
32100
32104
32107
32112
32115
32116
32117
32119
32121
32127
32129
32130
32131
32132
32133
32138
32142
32145
32145
32147
32150
32155
32156
32178
32185
32188
32190
32191
32199
32201
32201
32203
32204
32207
32210
32213
32213
32213
32214
32214
32215
32215
32222
32226
32228
32229
32229
32230
32234
32235
32241
32244
32247
32250
32251
32256
32259
32265
32265
32266
32267
32269
32270
32275
32280
32287
32294
32296
32304
32305
32306
32307
32307
32307
32324
32326
32333
32333
32335
32337
32338
32345
32345
32346
32349
32351
32352
32352
32356
32365
32372
32378
32378
32379
32388
32392
32398
32400
32404
32407
32409
32409
32411
32411
32412
32415
32418
32422
32426
32429
32431
32433
32439
32445
32445
32457
32458
32473
32477
32477
32479
32480
32482
32484
32484
32486
32488
32490
32491
32491
32495
32502
32502
32503
32511
32511
32514
32514
32514
32515
32517
32521
32523
32524
32524
32529
32529
32532
32536
32544
32550
32555
32558
32561
32563
32565
32567
32569
32571
32574
32574
32574
32575
32578
32581
32581
32582
32583
32586
32587
32592
32593
32597
32601
32608
32608
32609
32609
32614
32616
32617
32617
32620
32625
32627
32640
32643
32645
32649
32650
32657
32673
32676
32680
32689
32690
32692
32695
32697
32702
32704
32704
32705
32707
32708
32709
32709
32710
32711
32717
32718
32719
32719
32724
32725
32729
32731
32733
32736
32739
32745
32748
32749
32750
32756
32756
32757
32761
32761
32766
32767
